 VERSION172
   4096.0000000000000     
        4096
  1.12430912743849876E-003   38.100000000000001       -91.200000000000003     
  -5.7699999999999996        110.33000000000000        5728.0000000000000     
           0   0.0000000000000000        0.0000000000000000     
   0.0000000000000000        0.0000000000000000     
   0.0000000000000000        0.0000000000000000     
           1   0.0000000000000000        0.0000000000000000     
  2.92102752080846362E-011 -6.37303344342963768E-011
 -9.64513079734918237E-012 -1.45848913961137109E-011
           2   0.0000000000000000        0.0000000000000000     
 -1.05699207335016790E-010  5.12780796041328263E-011
 -4.79000402706918451E-011 -3.51604736234037175E-012
           3   0.0000000000000000        0.0000000000000000     
  4.29922915039324421E-011 -1.24931511856956531E-010
 -4.99516452519334305E-012  3.06885264603653488E-011
           4   0.0000000000000000        0.0000000000000000     
  6.34652611138721383E-011  8.74526708986388417E-011
 -1.08008341272894370E-010  1.32580426760780521E-011
           5   0.0000000000000000        0.0000000000000000     
 -6.42583687167052467E-011  2.34582191223314225E-011
  2.15591815256480018E-011 -2.06184182108893871E-011
           6   0.0000000000000000        0.0000000000000000     
  1.60857447405761191E-011 -4.85864531525621659E-011
  1.17260814859434946E-011  7.82062626850795859E-011
           7   0.0000000000000000        0.0000000000000000     
  2.49325055690197340E-011 -1.20359158996445506E-011
 -1.96595319100718847E-011  3.92260628633632759E-012
           8   0.0000000000000000        0.0000000000000000     
  2.11338932650472126E-011  4.31465346671342796E-011
 -7.15012379427629169E-011  1.22041923424181583E-010
           9   0.0000000000000000        0.0000000000000000     
 -2.70118516090272466E-011  5.43145836742551771E-011
 -1.69701053210552362E-011 -1.02470251797077060E-010
          10   0.0000000000000000        0.0000000000000000     
 -2.20245560782397362E-012  1.17794165811096565E-011
  1.48745138718744680E-010  4.11455768866046669E-011
          11   0.0000000000000000        0.0000000000000000     
 -2.66462747641943414E-011 -1.50190654637442379E-011
  3.26646109029331463E-011  2.70824043056158765E-012
          12   0.0000000000000000        0.0000000000000000     
  1.05955487039655294E-012 -3.17089418105920827E-011
  1.00432957614814311E-010  3.35407934645880269E-011
          13   0.0000000000000000        0.0000000000000000     
  3.48673139962445147E-011  1.00884387098087475E-011
 -1.59760198383486868E-011  1.48552784584602994E-010
          14   0.0000000000000000        0.0000000000000000     
 -1.50536495150935185E-011 -2.06501112487112161E-011
 -6.95548055903878931E-011 -4.92112729533630097E-011
          15   0.0000000000000000        0.0000000000000000     
  6.94523652194320091E-011 -2.41091289068274131E-012
  5.07920714018285539E-011  6.26912965064326614E-011
          16   0.0000000000000000        0.0000000000000000     
 -3.28223361407733002E-011  3.60981545382317008E-011
 -1.44438539719973259E-010 -9.22564184902436215E-011
          17   0.0000000000000000        0.0000000000000000     
  1.87832412806359949E-011 -5.29672919989736431E-011
  1.10521645787669138E-010 -1.31046570465418367E-010
          18   0.0000000000000000        0.0000000000000000     
  2.52884360943961868E-011  2.87005175370803096E-011
  2.52071045723316439E-011 -3.16109901361170950E-012
          19   0.0000000000000000        0.0000000000000000     
 -4.82805079613491485E-011  7.40615562770437646E-012
  3.41450957189027208E-011 -8.23343313136922603E-011
          20   0.0000000000000000        0.0000000000000000     
 -3.08317702837767621E-012 -5.61575217853038898E-011
  1.47919222364738927E-010  9.43075271132542050E-011
          21   0.0000000000000000        0.0000000000000000     
  3.40959587277268362E-011 -9.15803742422552403E-012
  2.45974116528521071E-011  6.43417175114886279E-011
          22   0.0000000000000000        0.0000000000000000     
  9.60180901416150666E-012  1.93085847765849205E-011
 -1.46978545039179435E-010 -1.41656155166660110E-011
          23   0.0000000000000000        0.0000000000000000     
 -5.62519168836068420E-011  4.47682845701545442E-012
  1.09745265515476529E-010 -2.65216448280910595E-010
          24   0.0000000000000000        0.0000000000000000     
  1.57554304440433911E-011 -4.85304588901582077E-011
  1.33875315675192686E-010  2.27121015385845051E-010
          25   0.0000000000000000        0.0000000000000000     
  3.88114276689692497E-011  8.01600590959968783E-012
 -1.16850067990581543E-010 -5.08079243030845734E-011
          26   0.0000000000000000        0.0000000000000000     
 -9.55662607899489987E-012  1.47553533468138235E-011
  8.28513119338212065E-011  4.17411741765637069E-011
          27   0.0000000000000000        0.0000000000000000     
 -3.95943936529071688E-011  6.01278683542984931E-012
 -1.66151235430869397E-010  5.82284760882421039E-011
          28   0.0000000000000000        0.0000000000000000     
 -3.32585021023673405E-011 -3.12565078860945649E-011
  9.71053927772753364E-011 -2.58471400048540891E-010
          29   0.0000000000000000        0.0000000000000000     
  3.08583922133282641E-011 -1.28759462139099089E-011
  2.30578102584196925E-010  3.83103296412710745E-010
          30   0.0000000000000000        0.0000000000000000     
 -1.15950848866354790E-011  3.09227330626234611E-012
 -4.03498736274331086E-010  8.08359145717680051E-011
          31   0.0000000000000000        0.0000000000000000     
  1.95614978106411650E-011  7.42581319218689346E-012
  3.54276300689238513E-011 -8.20000769052296979E-011
          32   0.0000000000000000        0.0000000000000000     
 -3.50317931912088169E-011  3.68408200082354236E-011
 -1.12271557167678756E-010  4.00396968160374465E-011
          33   0.0000000000000000        0.0000000000000000     
 -2.78722131048741369E-011 -2.48433546363293777E-011
 -3.49267864610617898E-011 -1.29940829910058552E-010
          34   0.0000000000000000        0.0000000000000000     
  9.85300776178965477E-012  2.30702357215339367E-012
  7.39251260169363431E-011  4.97852107798202421E-011
          35   0.0000000000000000        0.0000000000000000     
 -1.67593075472904291E-011  8.24703108233522125E-012
  1.30790972402737736E-010  9.92735035346551387E-011
          36   0.0000000000000000        0.0000000000000000     
  4.98910969029259753E-011  1.01251612234767471E-014
 -1.62634499306674502E-010  2.85547660358346511E-010
          37   0.0000000000000000        0.0000000000000000     
 -2.08026659698362220E-011  3.08377306458235979E-011
 -1.07746640863103634E-010 -3.20240460094465116E-010
          38   0.0000000000000000        0.0000000000000000     
  2.41044223181629020E-011 -3.02128127255956661E-011
  2.41608027376012459E-010  2.18221666655861881E-010
          39   0.0000000000000000        0.0000000000000000     
  2.30916382061626249E-011  7.46127094466840655E-011
 -3.00586114735913031E-010  2.98539214179162152E-012
          40   0.0000000000000000        0.0000000000000000     
 -5.42346883174342257E-011  3.99846090049204486E-012
  3.08302168356976484E-010 -2.72786739040357425E-010
          41   0.0000000000000000        0.0000000000000000     
  2.58057145648193047E-011 -3.98558133173765527E-011
  1.56167343700953071E-010  4.39532259302954613E-010
          42   0.0000000000000000        0.0000000000000000     
  1.51474239782237369E-011  2.46408494557484037E-011
 -2.64683151224472494E-010 -2.05657526958046270E-010
          43   0.0000000000000000        0.0000000000000000     
  9.14187709290821847E-012  8.54986066896047815E-012
  3.61865846446083724E-010  1.96642118831189311E-010
          44   0.0000000000000000        0.0000000000000000     
 -7.89472466041843773E-013  2.26346072318818291E-011
 -3.92551915663640444E-010  4.31299981710546009E-011
          45   0.0000000000000000        0.0000000000000000     
  6.19059621220519950E-012 -1.14163630322571360E-011
  3.17574005870364068E-010 -2.57243432107474128E-010
          46   0.0000000000000000        0.0000000000000000     
  1.61755587012614547E-011  7.81903590851131796E-012
  1.13157520625245546E-011  3.60893466270009334E-010
          47   0.0000000000000000        0.0000000000000000     
 -3.79549640071762490E-012 -4.71543852552510813E-012
 -1.60692021434684717E-010 -1.75124348336054908E-010
          48   0.0000000000000000        0.0000000000000000     
  3.26753237766876390E-011  5.90200537238460068E-012
  1.09529063457838101E-010  6.40915468506477613E-011
          49   0.0000000000000000        0.0000000000000000     
 -4.01800344071546964E-011  1.49592726866532626E-011
 -2.00928113875859662E-010 -2.04686184697677617E-010
          50   0.0000000000000000        0.0000000000000000     
  1.39601176551091097E-011 -4.33012439822379015E-011
  2.58461260384462261E-010  8.74417206713074426E-011
          51   0.0000000000000000        0.0000000000000000     
 -3.66186774587426538E-012  1.50031250287590771E-011
 -2.61722961230989461E-010  2.05202413618366114E-011
          52   0.0000000000000000        0.0000000000000000     
  1.17112218123577505E-011 -5.65569749347431479E-011
  2.27621077117237736E-010 -1.67149196996092380E-010
          53   0.0000000000000000        0.0000000000000000     
  3.89223428344144438E-011  1.59159549337283245E-011
 -2.93967195024888349E-010  3.33234224656768486E-010
          54   0.0000000000000000        0.0000000000000000     
 -4.45036641536611775E-011  1.89439186730183717E-011
 -3.96462539122366940E-010 -4.99029462032496664E-010
          55   0.0000000000000000        0.0000000000000000     
  9.85403966204457133E-012 -2.58178515848752755E-011
  3.63675588623955820E-010 -9.37253206395504025E-011
          56   0.0000000000000000        0.0000000000000000     
 -8.04737215744194434E-012  2.63100456796168299E-011
 -6.73539690234445627E-011  3.35968808066190417E-012
          57   0.0000000000000000        0.0000000000000000     
 -3.05650871581714331E-011 -3.79562638229707206E-011
  9.50196117602196572E-011  7.51897283981320574E-011
          58   0.0000000000000000        0.0000000000000000     
  9.83102610443071312E-012 -1.31734368096282513E-011
 -1.24901993186902115E-010 -5.58644146733944341E-011
          59   0.0000000000000000        0.0000000000000000     
 -1.09913224856534961E-012  6.27230990213522569E-012
  3.41191164769297628E-011  1.04513439914989580E-010
          60   0.0000000000000000        0.0000000000000000     
 -7.99530849449154675E-012  8.59296247703598672E-012
 -2.78963099891214988E-010 -4.71381865185672271E-011
          61   0.0000000000000000        0.0000000000000000     
 -3.32035050208924494E-011  4.86534487376869030E-012
  7.37001873299076744E-011 -3.23714116509214592E-010
          62   0.0000000000000000        0.0000000000000000     
 -9.81994895857097992E-012 -2.06099254972775219E-011
  2.99456378781236037E-010  2.40571977416997851E-010
          63   0.0000000000000000        0.0000000000000000     
 -7.01781673461960829E-012  7.32182066611174922E-012
 -2.49321021041877737E-010  5.96113856133891929E-012
          64   0.0000000000000000        0.0000000000000000     
 -2.65005816053555295E-012 -1.45882145980506336E-013
  3.57978243670978554E-010  7.92236513563296910E-011
          65   0.0000000000000000        0.0000000000000000     
 -1.64698226729308054E-011  2.72740100300585589E-011
 -3.54577585843505720E-010  3.71485612729685902E-010
          66   0.0000000000000000        0.0000000000000000     
 -9.51310082565297225E-012 -4.07912696247600699E-012
  3.40983512911659618E-011 -3.75276336841154201E-010
          67   0.0000000000000000        0.0000000000000000     
  1.52516838181231218E-011  1.70565266249200530E-012
  3.20305902091977033E-010  3.98092987618140301E-010
          68   0.0000000000000000        0.0000000000000000     
 -9.99371755830413054E-012  1.54462694421244383E-011
 -4.85062648193975204E-010  5.48045455445715362E-012
          69   0.0000000000000000        0.0000000000000000     
  7.11916188786421313E-012  4.43504639594168047E-014
  1.43351245890284273E-010 -2.62543924950862127E-010
          70   0.0000000000000000        0.0000000000000000     
 -8.16235995762728979E-012  3.89596699414865849E-011
  5.87451639480584641E-011 -1.85497389374474529E-011
          71   0.0000000000000000        0.0000000000000000     
 -6.19244844621968590E-012 -2.39731964125631053E-011
  7.94633539978151318E-011  3.22960332362644433E-011
          72   0.0000000000000000        0.0000000000000000     
  2.29839516342010403E-011  3.02149296716624496E-012
 -3.05995593194151347E-011 -2.67492444308934653E-010
          73   0.0000000000000000        0.0000000000000000     
  2.19268302400745963E-012 -1.01614362307215128E-011
  3.73879942053920580E-010  2.17041888637385971E-010
          74   0.0000000000000000        0.0000000000000000     
  3.02685835746052183E-011  5.99886465023050228E-012
 -4.96095887089961716E-010  3.50771754245300396E-010
          75   0.0000000000000000        0.0000000000000000     
 -3.23606969210547123E-012  2.01602337295450599E-011
 -1.81470893540222520E-010 -7.11029048283033694E-010
          76   0.0000000000000000        0.0000000000000000     
  2.08918713403841590E-011 -1.90422867392546587E-011
  6.66137243527375389E-010  1.67844117957787963E-010
          77   0.0000000000000000        0.0000000000000000     
  1.81131460142973996E-011  2.68326969948831630E-011
 -4.64580058216538237E-010  5.98581510128869565E-011
          78   0.0000000000000000        0.0000000000000000     
 -1.77160391519443406E-011 -1.30565383214055342E-011
  4.99781078803066611E-010 -3.88645938277802629E-010
          79   0.0000000000000000        0.0000000000000000     
  9.33365148093104207E-012 -3.46160209805909335E-011
 -7.40257226721651572E-011  3.81431948358013135E-010
          80   0.0000000000000000        0.0000000000000000     
  1.98349044207466154E-011 -1.27095819302709233E-011
 -4.77790592416684108E-011 -3.86646206569395459E-010
          81   0.0000000000000000        0.0000000000000000     
  2.19748677143206564E-011  2.43937776201943591E-012
  3.95734055892052725E-010  3.71272278724138450E-010
          82   0.0000000000000000        0.0000000000000000     
 -1.24951056092983219E-012  1.16506943801708765E-011
 -5.16618608154419466E-010  2.67414022417183836E-011
          83   0.0000000000000000        0.0000000000000000     
 -3.61998308945563698E-012 -2.21421910201425898E-011
  2.56990145825033079E-010 -3.63848084630830729E-010
          84   0.0000000000000000        0.0000000000000000     
 -2.69503198862644641E-011  3.94814635762717495E-012
  7.88112806612281284E-012  8.77519062728550206E-011
          85   0.0000000000000000        0.0000000000000000     
 -4.17908135389970823E-012 -4.41142924516048577E-011
  2.56106461153651746E-010  8.54887329202342036E-011
          86   0.0000000000000000        0.0000000000000000     
  2.54519514500714482E-011  2.17920917398232039E-011
 -2.78533387293207756E-010  3.27236598204883086E-010
          87   0.0000000000000000        0.0000000000000000     
 -3.80034768994598108E-011 -6.60655671719948306E-012
 -6.09917824285739031E-011 -4.28843574317243098E-010
          88   0.0000000000000000        0.0000000000000000     
  8.19669361866636525E-012 -2.87749142039679832E-011
  2.90523943833502861E-010  3.06086121447154093E-010
          89   0.0000000000000000        0.0000000000000000     
 -1.99586631197852897E-011  1.99971270186677098E-011
 -5.64883361496789205E-010 -1.96417081198265778E-010
          90   0.0000000000000000        0.0000000000000000     
 -1.10397142995571850E-011 -3.64255351860940195E-011
  6.96436003852647669E-010 -1.62910211609759402E-010
          91   0.0000000000000000        0.0000000000000000     
  2.38255164682179728E-011  2.55448532638588053E-011
 -4.01630779891619175E-010  6.11009913706231491E-010
          92   0.0000000000000000        0.0000000000000000     
 -3.69586215693676278E-011  9.25410491260690777E-012
 -1.59530616039536323E-010 -4.69040935692644126E-010
          93   0.0000000000000000        0.0000000000000000     
  9.74026434280609829E-012 -1.58018150524268338E-011
  2.08994473022462177E-010  1.61628221543894015E-010
          94   0.0000000000000000        0.0000000000000000     
 -9.01881666692497343E-012  3.07537024787184963E-011
 -2.04615052925960660E-010  6.98774330681005213E-012
          95   0.0000000000000000        0.0000000000000000     
 -2.27042292617942611E-011 -8.90361453126909004E-012
  9.96094762724063054E-011  1.11899920721733219E-010
          96   0.0000000000000000        0.0000000000000000     
  7.88965494297185108E-012  2.22955974651412598E-011
 -4.73202414855319477E-010 -2.74972238499444695E-011
          97   0.0000000000000000        0.0000000000000000     
  2.06912426902326830E-012  7.27431294018530697E-012
  5.73796356154774141E-010 -3.15508228208723172E-010
          98   0.0000000000000000        0.0000000000000000     
  6.56439236673776887E-012  2.03516960442018819E-011
 -1.60959145122879073E-010  6.06945993938064602E-010
          99   0.0000000000000000        0.0000000000000000     
 -1.87552348414200778E-011 -5.49008956840282127E-013
 -1.09116579539785669E-010 -5.43074772157379287E-010
         100   0.0000000000000000        0.0000000000000000     
  1.18420818251969532E-011  6.03259395694921269E-012
  4.44050977282407962E-010  4.65640013375241058E-010
         101   0.0000000000000000        0.0000000000000000     
  2.41120989106783124E-012  2.32240942284114147E-011
 -5.47268474912868148E-010 -1.03115454853141173E-010
         102   0.0000000000000000        0.0000000000000000     
  1.77514440617109857E-011 -1.51626067379570257E-011
  7.26531316461141799E-010 -1.71101719705952175E-010
         103   0.0000000000000000        0.0000000000000000     
  2.05171777480466307E-011  3.04259513364156094E-011
 -4.12047643757588309E-010  6.14200346950770432E-010
         104   0.0000000000000000        0.0000000000000000     
 -1.76308241111314621E-011 -5.82367792397404572E-012
  3.56493599518240640E-011 -5.16610011122471353E-010
         105   0.0000000000000000        0.0000000000000000     
  2.11409740608149915E-011  1.87460428680770330E-012
  3.05955617237590718E-010  3.47739612435947488E-010
         106   0.0000000000000000        0.0000000000000000     
 -1.64280363949972115E-012  1.43543155111049230E-013
 -3.13904080341402771E-010  1.73252416500340661E-010
         107   0.0000000000000000        0.0000000000000000     
  2.05699315433519630E-011 -1.06505980293754497E-011
 -5.34817774251588834E-011 -3.56342009453839775E-010
         108   0.0000000000000000        0.0000000000000000     
  7.62061204880942189E-012  4.12603543929507790E-012
  3.17514541304040808E-010  7.39163798105097909E-012
         109   0.0000000000000000        0.0000000000000000     
  6.08509491848059689E-012 -2.95863425351042430E-011
 -7.47315553060649266E-011  2.62374888656749895E-010
         110   0.0000000000000000        0.0000000000000000     
  1.10899674274121738E-011  6.04574400354638252E-012
 -4.74079882100793976E-010 -2.44348963380995969E-010
         111   0.0000000000000000        0.0000000000000000     
 -1.32591755344768123E-011 -9.18521676546023754E-012
  5.13764724491209631E-010 -2.83161273954190615E-010
         112   0.0000000000000000        0.0000000000000000     
  1.63776376804697027E-011 -1.54852147920556475E-011
 -2.90998933601801297E-010  5.40457387493413479E-010
         113   0.0000000000000000        0.0000000000000000     
  5.91770145774693271E-012 -1.03793743362011892E-011
 -3.07403601625618512E-010 -6.72687461282561363E-010
         114   0.0000000000000000        0.0000000000000000     
 -6.56243579464005629E-012 -1.78583410373479823E-011
  5.54211899971527490E-010  1.49892361808322056E-010
         115   0.0000000000000000        0.0000000000000000     
 -4.15430937628310207E-012  6.82376717311675986E-012
 -6.55175821372777568E-010  2.67044653666098465E-010
         116   0.0000000000000000        0.0000000000000000     
 -2.03090548771939707E-011 -1.46880269788062771E-011
  2.32623542417888630E-010 -5.77508082952552367E-010
         117   0.0000000000000000        0.0000000000000000     
  9.99680849753552728E-012 -7.98817311322519633E-012
  5.46277526775758975E-011  4.08544967276370035E-010
         118   0.0000000000000000        0.0000000000000000     
 -1.11195271783189656E-011 -1.44346513231071244E-011
 -8.97207378732518136E-011 -3.17197794214474601E-010
         119   0.0000000000000000        0.0000000000000000     
  4.37749053757097321E-012 -1.91777031878259831E-012
  2.04264872126188466E-010  2.20487115052509530E-010
         120   0.0000000000000000        0.0000000000000000     
 -1.83169585017203320E-011  6.65256127231530980E-012
 -2.46990980915265488E-010  1.35415821543873573E-010
         121   0.0000000000000000        0.0000000000000000     
 -3.53530313279955130E-012 -1.45794510273321584E-012
 -3.71527619137905326E-011 -4.94979507021057304E-011
         122   0.0000000000000000        0.0000000000000000     
 -1.89855809067721395E-011  1.82443981694796679E-011
 -1.36076591231650599E-010 -5.16131476316524194E-011
         123   0.0000000000000000        0.0000000000000000     
 -9.46021484644097636E-012 -1.83867871144581516E-011
  3.88189952573922315E-010  4.96789659145578529E-011
         124   0.0000000000000000        0.0000000000000000     
  1.31101896967664122E-011  2.34810107868289336E-011
 -5.06000769715036204E-010  3.56710045707131937E-010
         125   0.0000000000000000        0.0000000000000000     
 -4.22933395024423111E-011  9.17901462897386768E-012
  1.87704246741977175E-010 -6.42265414838261419E-010
         126   0.0000000000000000        0.0000000000000000     
  4.65719241600384100E-013 -1.09831808799037486E-011
  2.48796968968309843E-010  6.35017826633248241E-010
         127   0.0000000000000000        0.0000000000000000     
  1.13943809372000451E-011  2.82963892261789657E-011
 -4.82185969427502512E-010 -1.73474592704652117E-010
         128   0.0000000000000000        0.0000000000000000     
 -4.82840479786377401E-012 -5.17827719234073568E-012
  5.34408500023117688E-010 -1.94606301941972542E-010
         129   0.0000000000000000        0.0000000000000000     
  1.85024810735940183E-011  1.02848232994529926E-011
 -2.18071866339345994E-010  4.80698245146135769E-010
         130   0.0000000000000000        0.0000000000000000     
 -1.39768961742488527E-011  1.42736402154590240E-011
 -2.81417929503107924E-011 -3.45649192650375502E-010
         131   0.0000000000000000        0.0000000000000000     
  1.10382973756756240E-011  1.21581600336100244E-011
 -1.87892840890824220E-011  3.48728031748379460E-010
         132   0.0000000000000000        0.0000000000000000     
  4.45900225046818258E-012  4.96246063493411301E-012
 -7.11318895512649703E-011 -3.98257396145020012E-010
         133   0.0000000000000000        0.0000000000000000     
  1.77491355955315303E-011 -3.66219652554479527E-012
  3.35294017636276709E-010  5.04491149484592587E-010
         134   0.0000000000000000        0.0000000000000000     
  8.07610216886467612E-012  6.09845237240405388E-012
 -8.88406740496765065E-010 -1.11938422176085514E-010
         135   0.0000000000000000        0.0000000000000000     
  1.40440384381341175E-011 -7.37993404296984403E-012
  6.69028753707147774E-010 -6.63852731638038883E-010
         136   0.0000000000000000        0.0000000000000000     
  1.64380379975559351E-011  2.03419684169492279E-011
 -1.84192997483041945E-010  7.07784303458983775E-010
         137   0.0000000000000000        0.0000000000000000     
 -9.75212114666853827E-012 -1.40773912291631681E-011
  6.29405620161752641E-011 -7.75369449482004210E-010
         138   0.0000000000000000        0.0000000000000000     
  4.06076083653137626E-011 -4.75083015016688444E-012
  3.84060208073669772E-010  7.33439903152109420E-010
         139   0.0000000000000000        0.0000000000000000     
 -1.11879164309945963E-011  8.46727761527385575E-012
 -7.31296563609771553E-010 -3.76951367948532088E-010
         140   0.0000000000000000        0.0000000000000000     
  2.65983161429906947E-012 -4.10867821356896938E-011
  6.26257545424118650E-010 -3.84186745775509556E-010
         141   0.0000000000000000        0.0000000000000000     
  1.91236162928679400E-011  1.07176049778668165E-011
 -6.04629348680814152E-011  5.25772506589494991E-010
         142   0.0000000000000000        0.0000000000000000     
 -1.14799003679926996E-011 -6.95038318307300079E-012
 -1.25775221356790791E-010 -2.93648089614602992E-010
         143   0.0000000000000000        0.0000000000000000     
  1.93493895359708144E-011 -7.09430855670019432E-012
  7.41237297979519908E-011  2.04165045414166031E-010
         144   0.0000000000000000        0.0000000000000000     
 -2.43458419212250271E-011 -1.31552541580776660E-011
 -1.24456889997992385E-010 -3.52706751454534669E-010
         145   0.0000000000000000        0.0000000000000000     
  9.73020692882349434E-014 -2.60538396422372345E-011
  2.09310055232498768E-010  2.35041341241679184E-010
         146   0.0000000000000000        0.0000000000000000     
 -4.02158569060400976E-012  1.41073013980689936E-011
 -2.76178653348493300E-010 -1.56112058094713424E-010
         147   0.0000000000000000        0.0000000000000000     
 -2.21395568749636695E-011 -1.13355533823123760E-011
  4.92957118872583445E-010  1.13877812228405378E-010
         148   0.0000000000000000        0.0000000000000000     
  8.46811163552474610E-012 -1.01908078812456251E-011
 -7.08957709834796661E-010  4.99166308642816279E-010
         149   0.0000000000000000        0.0000000000000000     
 -2.45769718604530191E-011  3.26473770375247735E-012
  5.60674282339768331E-011 -9.75965787160813135E-010
         150   0.0000000000000000        0.0000000000000000     
 -6.35649405815194736E-012 -1.08334541831934316E-011
  4.81855223891835704E-010  8.35207065018181439E-010
         151   0.0000000000000000        0.0000000000000000     
 -1.57472196043768467E-011  9.62760713841000568E-012
 -8.84272579172430306E-010 -2.81763355963522954E-010
         152   0.0000000000000000        0.0000000000000000     
 -4.75526011296917472E-012  4.59245283692429674E-012
  5.87439587588655732E-010 -2.38343618997440008E-010
         153   0.0000000000000000        0.0000000000000000     
 -9.80494138110874297E-012  2.36691279170176139E-011
 -3.06687714680070432E-010  5.08519867842981649E-010
         154   0.0000000000000000        0.0000000000000000     
 -1.75729894826658688E-011 -7.96152428118598886E-012
 -1.79203575015579909E-010 -5.38750827843848269E-010
         155   0.0000000000000000        0.0000000000000000     
  4.04956486572293027E-012  1.90454472126151459E-012
  3.11975687785386010E-010  2.23522148617112170E-010
         156   0.0000000000000000        0.0000000000000000     
 -1.24457872794108551E-011  1.33405024197085686E-011
 -2.55475057792558673E-010 -7.81461638481784353E-011
         157   0.0000000000000000        0.0000000000000000     
  1.16982097421831444E-011  1.70411920867288726E-011
  2.01832024134019539E-010  7.58280237224829285E-011
         158   0.0000000000000000        0.0000000000000000     
  1.41310577446210602E-012  1.40396545441552129E-011
  3.16318718879543274E-011 -3.61814679183260594E-011
         159   0.0000000000000000        0.0000000000000000     
  1.14760165064579959E-011  3.20394784945221000E-012
  4.94390184702487350E-011  2.63416929170280336E-010
         160   0.0000000000000000        0.0000000000000000     
 -2.15761617255648753E-012  2.05931729463733894E-011
 -3.39518029244847426E-010 -1.79526498577770104E-010
         161   0.0000000000000000        0.0000000000000000     
 -1.17116504614039242E-011  1.48949696182796314E-012
  3.27260726847399629E-010 -2.12797283215272042E-010
         162   0.0000000000000000        0.0000000000000000     
  3.04145366101074845E-011  5.81873942429071845E-012
 -5.31871244598623050E-011  4.23230683234439331E-010
         163   0.0000000000000000        0.0000000000000000     
 -3.92924811282683375E-013  2.20629451781959939E-011
 -1.97603138121434337E-010 -4.84722485294465197E-010
         164   0.0000000000000000        0.0000000000000000     
  5.23347504046213458E-012 -1.40938001537538826E-011
  4.83121195087038768E-010  1.56457524976339359E-010
         165   0.0000000000000000        0.0000000000000000     
  1.27341616472382258E-011  3.16052465370286937E-012
 -2.87591810064331268E-010  3.35045623500018475E-012
         166   0.0000000000000000        0.0000000000000000     
  6.46959758674162123E-012 -4.81605396334223761E-012
  3.45433039937633231E-010 -1.29382518478287039E-010
         167   0.0000000000000000        0.0000000000000000     
  1.18804841182004762E-011  1.27087353839318284E-012
 -1.19018834302867792E-010  3.04714529866149140E-010
         168   0.0000000000000000        0.0000000000000000     
  5.41655776550686899E-012 -4.44351043986516036E-012
  4.85742860905045700E-011 -3.90994952670778673E-010
         169   0.0000000000000000        0.0000000000000000     
  1.56391831282695475E-011 -1.04846086931195199E-011
  2.75093714889758779E-010  3.74505572033781524E-010
         170   0.0000000000000000        0.0000000000000000     
 -3.53507385374851112E-012 -1.44700378818929732E-011
 -2.43646750783039183E-010 -2.87801543922520464E-010
         171   0.0000000000000000        0.0000000000000000     
  3.62594336222120713E-012 -9.87623197721937177E-012
  2.63883749618558357E-010  3.18599505094898589E-010
         172   0.0000000000000000        0.0000000000000000     
 -1.33299976207525909E-011  1.22280116020463798E-013
 -5.42653748383869138E-010 -2.28181783273649838E-010
         173   0.0000000000000000        0.0000000000000000     
  7.20965644333955925E-012 -2.79287773663434872E-011
  5.31436424418027748E-010 -1.91588381385182956E-010
         174   0.0000000000000000        0.0000000000000000     
  1.17011298062133964E-011  1.88854555535590250E-013
 -2.23362725143706586E-010  4.15711800117250484E-010
         175   0.0000000000000000        0.0000000000000000     
 -3.31664460355428883E-011 -1.42688697858059586E-011
 -1.77328959415199764E-010 -4.69946828304588756E-010
         176   0.0000000000000000        0.0000000000000000     
  8.69708149200910408E-012 -1.77771981163138955E-011
  2.75122595601474257E-010  2.77862989311450662E-010
         177   0.0000000000000000        0.0000000000000000     
 -1.44388380110981954E-011  1.83295439312394594E-011
 -4.88624991690288691E-010 -1.89485215258380560E-010
         178   0.0000000000000000        0.0000000000000000     
 -1.40830127849110178E-011 -2.08079492102698536E-011
  3.88521792888786924E-010 -1.58986850843887453E-010
         179   0.0000000000000000        0.0000000000000000     
  2.89075735344598816E-012  1.52362276377423609E-012
 -2.30894809544639077E-010  8.76209206050351891E-011
         180   0.0000000000000000        0.0000000000000000     
 -2.09922257667177213E-011  1.09053047626184390E-012
  3.32467771401323556E-010 -2.44108263846043778E-010
         181   0.0000000000000000        0.0000000000000000     
 -4.23543641713160551E-012 -3.68558123624636218E-012
 -2.10574855148290317E-010  6.03562783686175106E-010
         182   0.0000000000000000        0.0000000000000000     
 -1.78828828288194159E-011  1.66632816519420131E-011
 -4.10973295678754812E-010 -7.78140486661549996E-010
         183   0.0000000000000000        0.0000000000000000     
 -2.30361354863352443E-012 -2.38710545470418514E-012
  7.63833276007900807E-010  4.09495713996226637E-010
         184   0.0000000000000000        0.0000000000000000     
  1.49504455805169516E-012  1.76364356880754425E-011
 -8.11211962425618925E-010 -1.20134014702851677E-010
         185   0.0000000000000000        0.0000000000000000     
 -1.01315930015777890E-011 -3.11881280801764733E-012
  9.60998002131181501E-010 -2.85571929984662357E-010
         186   0.0000000000000000        0.0000000000000000     
 -1.80511648518225757E-012  1.51319974379363833E-011
 -4.93181921443938698E-010  9.49459517262214441E-010
         187   0.0000000000000000        0.0000000000000000     
 -1.36973289735765986E-011  1.02597131840863338E-011
 -2.51852532817286449E-010 -7.87260884365891244E-010
         188   0.0000000000000000        0.0000000000000000     
  2.07168305909816729E-011  8.49258061475022944E-012
  6.79522874527676802E-010  5.30914071680543885E-010
         189   0.0000000000000000        0.0000000000000000     
 -4.99811997211299840E-012  1.47986978151660248E-011
 -7.35304311072242488E-010  3.27108416949054234E-012
         190   0.0000000000000000        0.0000000000000000     
  8.80994025495214379E-012 -1.15784420968742922E-011
  5.61298023727503816E-010 -2.92656748946269971E-010
         191   0.0000000000000000        0.0000000000000000     
  8.33676908728537097E-012  2.35241629911726733E-011
 -2.70110164789345555E-010  4.44524604766320361E-010
         192   0.0000000000000000        0.0000000000000000     
 -4.52936751312794307E-012  4.59862338154308344E-012
  4.71138662122440745E-012 -3.09124843476705220E-010
         193   0.0000000000000000        0.0000000000000000     
  1.68697721616639041E-011 -3.12871024084545569E-012
  1.58410621942369560E-010  1.60908950157343522E-010
         194   0.0000000000000000        0.0000000000000000     
  9.36994330932042744E-012  1.36446517468919636E-012
 -1.66666046134252160E-011 -9.76557025945946294E-011
         195   0.0000000000000000        0.0000000000000000     
  1.56671197080700038E-011 -1.21478646144259957E-011
  2.52200136666997649E-010  2.33212898451666071E-010
         196   0.0000000000000000        0.0000000000000000     
  8.32360971020109317E-012  5.99085931638173222E-012
 -4.32649439461005016E-010 -8.43730208601759686E-011
         197   0.0000000000000000        0.0000000000000000     
 -1.36523004254818942E-012 -1.61937394942499555E-011
  5.67817160192518506E-010 -2.21764300130667595E-010
         198   0.0000000000000000        0.0000000000000000     
  2.36885531247337499E-011  1.96074033930030547E-013
 -2.10006262998893208E-010  5.77147026999116456E-010
         199   0.0000000000000000        0.0000000000000000     
 -7.20407054867623146E-013 -1.16123142117579833E-012
 -1.39720989126282361E-010 -4.38230738121587687E-010
         200   0.0000000000000000        0.0000000000000000     
  8.25245483645395702E-012 -2.26759874969556780E-011
  2.33522323030114249E-010  2.67055460991128840E-010
         201   0.0000000000000000        0.0000000000000000     
 -3.53323552256174927E-012 -1.27164505966877515E-012
 -5.88275453423562578E-010 -3.30346535224747737E-010
         202   0.0000000000000000        0.0000000000000000     
 -7.76225147754586888E-012 -1.36079332234680102E-011
  7.49641642381534537E-010 -2.38218197138926010E-010
         203   0.0000000000000000        0.0000000000000000     
  6.43795345824961404E-012 -4.95577846616067531E-012
 -4.11883456121565159E-010  5.77149906316493729E-010
         204   0.0000000000000000        0.0000000000000000     
  7.24046128709018609E-013 -1.15092762018340095E-011
  9.59787877262722312E-012 -5.58680244534509108E-010
         205   0.0000000000000000        0.0000000000000000     
 -3.49009680679537720E-012 -9.99539881227987193E-012
  1.59967548469603977E-010  1.59433398224692753E-010
         206   0.0000000000000000        0.0000000000000000     
 -1.12704749241818236E-011 -6.03216487141860037E-012
 -5.25275974458673469E-011 -7.42583192013029352E-011
         207   0.0000000000000000        0.0000000000000000     
 -6.99567331249833323E-012  3.41217902201788974E-013
  4.43372816913587059E-011  8.37997149303959384E-011
         208   0.0000000000000000        0.0000000000000000     
 -1.36000838266614449E-011 -1.00221516473707218E-012
 -8.57420235906970852E-011 -3.48013734880650956E-011
         209   0.0000000000000000        0.0000000000000000     
 -1.50990495988205605E-012 -8.63618387883244438E-012
  1.41279809996290828E-010  1.28540798546139626E-010
         210   0.0000000000000000        0.0000000000000000     
 -1.12302190671127772E-011  1.16533743286313020E-011
 -4.14123792255950340E-010  2.06357309981746680E-011
         211   0.0000000000000000        0.0000000000000000     
 -1.81601925680331754E-011 -1.18438004160938404E-011
  2.33607476330549643E-010 -3.18307337287372540E-010
         212   0.0000000000000000        0.0000000000000000     
  4.13804024275404985E-012  9.36424031525769280E-012
  9.65149260159912348E-012  3.68882035061581621E-010
         213   0.0000000000000000        0.0000000000000000     
 -1.75625921791998705E-011  1.96683275192714785E-011
 -1.89512095717201290E-010 -2.75489413882438675E-011
         214   0.0000000000000000        0.0000000000000000     
 -7.18328916842662984E-013 -2.71637648979626527E-012
  7.60689692479128229E-011  1.45245642193540431E-010
         215   0.0000000000000000        0.0000000000000000     
  4.82029304239404801E-012  1.14608277350543372E-011
 -2.68078804481219172E-010 -4.43568136075706203E-011
         216   0.0000000000000000        0.0000000000000000     
 -1.03686083354521323E-011  4.40804228252412771E-012
  2.98755116929370618E-010  2.49159719615721041E-011
         217   0.0000000000000000        0.0000000000000000     
  9.02971763098190570E-013  1.08572776495559339E-011
 -4.39174734602317612E-010  2.03362433913390370E-010
         218   0.0000000000000000        0.0000000000000000     
  4.85751566048567789E-012  1.31900241603486720E-011
  3.50929168702125672E-010 -3.01508780284532264E-010
         219   0.0000000000000000        0.0000000000000000     
  9.68751741588067951E-012  9.51802273675558696E-012
 -1.20587711015730827E-010  5.21192131467205214E-010
         220   0.0000000000000000        0.0000000000000000     
  2.45650022705130857E-013  1.67593031764432215E-012
 -1.85024250858647089E-010 -4.51673893104584782E-010
         221   0.0000000000000000        0.0000000000000000     
  1.12447605933147374E-011  1.19955905452669546E-012
  4.34413953461227382E-010  2.52232586137007680E-010
         222   0.0000000000000000        0.0000000000000000     
  2.92643419955812489E-012  1.41101640750653219E-011
 -5.25332120182536549E-010  7.39738747603997154E-011
         223   0.0000000000000000        0.0000000000000000     
  1.01418148645342427E-011 -7.20544194524886193E-012
  5.23567697522390655E-010 -3.60158695822877208E-010
         224   0.0000000000000000        0.0000000000000000     
  1.73348902377628972E-011  1.12902837635680929E-011
 -1.53742199128033122E-010  6.25782586703903265E-010
         225   0.0000000000000000        0.0000000000000000     
 -2.74177593248030750E-012 -7.05975702106833027E-012
 -1.76130856709831310E-010 -5.48953829623010732E-010
         226   0.0000000000000000        0.0000000000000000     
  1.89210559872375207E-011 -1.18671146554228363E-011
  4.63373377307441168E-010  1.74379453917669762E-010
         227   0.0000000000000000        0.0000000000000000     
  2.02588456644138481E-012  7.10748368467648888E-012
 -3.03865426538202470E-010  9.79240399533976286E-011
         228   0.0000000000000000        0.0000000000000000     
  5.55731643136010686E-013 -1.10134267888763967E-011
  1.92654572805142793E-010 -1.43912887515236964E-010
         229   0.0000000000000000        0.0000000000000000     
  1.43009450389144852E-011  2.80839688727797617E-012
 -2.35798717546951265E-010  9.85866247157083914E-011
         230   0.0000000000000000        0.0000000000000000     
 -5.51917212307163622E-012 -1.12114487425485474E-011
  3.36830716522256029E-010 -3.45373167597000797E-010
         231   0.0000000000000000        0.0000000000000000     
  8.24856885662346781E-012 -1.47931446239418615E-011
 -1.83729425512887800E-010  4.66206998273091169E-010
         232   0.0000000000000000        0.0000000000000000     
 -1.08863393081404127E-011 -1.17368839886027487E-013
 -1.37135140792111893E-010 -6.04612141421028116E-010
         233   0.0000000000000000        0.0000000000000000     
  9.43599838077382413E-013 -1.24506109350325369E-011
  4.65278020259616570E-010  3.69257092766953257E-010
         234   0.0000000000000000        0.0000000000000000     
  8.01616571018667341E-013  1.23497009507931276E-012
 -5.63541473005893834E-010 -4.31024097670590380E-011
         235   0.0000000000000000        0.0000000000000000     
 -6.67898714141924754E-012 -1.84340276135834460E-011
  5.42005825431772652E-010 -2.82351296100064954E-010
         236   0.0000000000000000        0.0000000000000000     
 -3.25459499324372086E-013 -2.00463389644633025E-012
 -4.45005930652038107E-010  5.66879989199343417E-010
         237   0.0000000000000000        0.0000000000000000     
 -1.81584667997591891E-011 -2.21487604511125281E-012
 -4.43594233555269696E-011 -7.04694860260761876E-010
         238   0.0000000000000000        0.0000000000000000     
 -2.58025598883895607E-012 -4.11729932916348704E-012
  2.22484910731689378E-010  5.09599758357348699E-010
         239   0.0000000000000000        0.0000000000000000     
 -8.90617315023722232E-012  5.43894063696220963E-012
 -5.00075793014461174E-010 -2.87759457723938533E-010
         240   0.0000000000000000        0.0000000000000000     
 -9.13254693521130327E-012 -2.30927620682721905E-012
  4.00510682874765432E-010 -1.45535532030121396E-010
         241   0.0000000000000000        0.0000000000000000     
 -6.43804590407603150E-012  1.05466119921921638E-012
 -1.90648952222813116E-010  2.91195757544248072E-010
         242   0.0000000000000000        0.0000000000000000     
 -9.37863792183017495E-012  5.63422254267742569E-013
 -6.44688845416477397E-011 -2.32750979878488222E-010
         243   0.0000000000000000        0.0000000000000000     
 -3.52086710788493608E-012  1.05071996584967977E-011
 -1.92217313116896262E-011  1.73742046135456478E-010
         244   0.0000000000000000        0.0000000000000000     
 -7.85787096537672502E-012  9.36524959109273022E-012
 -1.57295847637183878E-011 -2.30796290002030662E-010
         245   0.0000000000000000        0.0000000000000000     
  6.20812081340243069E-012  2.73308367236134838E-012
  2.53666751943630020E-010  2.66093279212295848E-010
         246   0.0000000000000000        0.0000000000000000     
 -4.94834180759873690E-012  1.17806494579792867E-011
 -3.62013523848874636E-010  2.35382795026223102E-011
         247   0.0000000000000000        0.0000000000000000     
 -6.83859905112264385E-012 -7.69454194248676228E-013
  2.81964846264496475E-010 -2.11152877009625244E-010
         248   0.0000000000000000        0.0000000000000000     
  7.06607132604883105E-012  1.61490659818786870E-011
 -1.92961985603105812E-010  4.36844124280704093E-010
         249   0.0000000000000000        0.0000000000000000     
 -4.26955581001564971E-012  1.03530256290428415E-011
 -2.81875414976338799E-011 -5.15502510761456400E-010
         250   0.0000000000000000        0.0000000000000000     
  1.38596167073884156E-011 -2.87014303977708349E-012
  3.55350558457153093E-010  3.96386100662118852E-010
         251   0.0000000000000000        0.0000000000000000     
  3.77546451198629250E-012  1.23635267118743942E-011
 -2.91876562776772999E-010 -1.34524951138615579E-010
         252   0.0000000000000000        0.0000000000000000     
  7.84474124219553322E-013 -1.04148820888523003E-012
  2.83915320874701854E-010  9.23056822756998968E-011
         253   0.0000000000000000        0.0000000000000000     
  1.29790291900250518E-011  6.58458793376351040E-012
 -2.40310537759869322E-010  6.41899061723156003E-011
         254   0.0000000000000000        0.0000000000000000     
  5.50461090472584482E-012  4.50112726769571516E-012
  2.54487963302180515E-010 -1.76629449388752296E-010
         255   0.0000000000000000        0.0000000000000000     
  8.25361267455378406E-012 -3.52899104922570613E-012
 -2.13777693066528712E-011  3.01131553040361021E-010
         256   0.0000000000000000        0.0000000000000000     
  1.04671944790116472E-011 -7.05457676888549441E-012
 -3.77352383030897826E-011 -2.39784974625153342E-010
         257   0.0000000000000000        0.0000000000000000     
  6.84184723150295146E-012 -6.68984726989515326E-013
  6.32956345361260930E-011  1.41117954893416294E-010
         258   0.0000000000000000        0.0000000000000000     
 -4.07146945805378052E-012 -7.98241214397295137E-012
 -4.21963757004783030E-011 -2.60294941358465041E-010
         259   0.0000000000000000        0.0000000000000000     
  1.37064582964926568E-011 -7.17870996830927348E-012
  2.62364064651534270E-010  1.81080103131864427E-010
         260   0.0000000000000000        0.0000000000000000     
  3.81828932843954532E-012  4.13061855047661849E-013
 -2.81178773685662302E-010  3.52791136078814079E-011
         261   0.0000000000000000        0.0000000000000000     
 -2.28252791152782436E-013 -1.69864641988373834E-011
  1.28730288317914554E-010 -3.00518720971624905E-010
         262   0.0000000000000000        0.0000000000000000     
  1.19283552994365325E-012 -7.99639488344706381E-012
  6.04323592198101969E-011  1.81604594750427429E-010
         263   0.0000000000000000        0.0000000000000000     
 -8.04814751044061307E-012 -5.10158297879980910E-012
 -9.16569172347009383E-011 -1.23108755474867782E-010
         264   0.0000000000000000        0.0000000000000000     
  4.00399605147287550E-012 -7.86677603919113347E-012
  2.54888086517655713E-011  7.86562648173148987E-011
         265   0.0000000000000000        0.0000000000000000     
 -3.50155792792644009E-012 -1.87614942594062584E-012
 -1.68179374077871993E-011 -1.58180406507338542E-010
         266   0.0000000000000000        0.0000000000000000     
 -7.74245565197840400E-012 -1.15470820210564355E-011
  3.24367218431807935E-011  1.36665191559264103E-010
         267   0.0000000000000000        0.0000000000000000     
 -6.95334098383941166E-012 -5.66588224034597726E-013
 -2.32737487490514684E-010 -1.77991628557285286E-010
         268   0.0000000000000000        0.0000000000000000     
 -1.19678904273864529E-011 -2.79978525625233898E-012
  3.11663673278133413E-010 -8.38087339472957466E-011
         269   0.0000000000000000        0.0000000000000000     
 -3.92439947807015215E-012  4.05296576191085093E-013
 -2.56132961917318402E-010  3.42604425119603699E-010
         270   0.0000000000000000        0.0000000000000000     
 -8.52864676166917035E-012  1.48760245909506555E-012
 -5.22131871256055127E-012 -4.79417557867490199E-010
         271   0.0000000000000000        0.0000000000000000     
 -1.68499472731542007E-012  1.01565291745349969E-012
  2.45916928569056989E-010  4.41000183019159091E-010
         272   0.0000000000000000        0.0000000000000000     
 -1.12039271579914011E-011  4.77283220490365514E-012
 -4.24469485418514217E-010 -2.14208448861060158E-010
         273   0.0000000000000000        0.0000000000000000     
 -6.06389146328977569E-012 -1.51885966364205618E-012
  4.28575579016449051E-010  1.63340530733904499E-011
         274   0.0000000000000000        0.0000000000000000     
 -1.78185183743711082E-012  1.23427391921854332E-011
 -3.43926595179691392E-010  3.57704001654575670E-010
         275   0.0000000000000000        0.0000000000000000     
 -5.01913611316067430E-012  7.51826697162709260E-012
 -4.22971963606256655E-012 -3.61810342461536350E-010
         276   0.0000000000000000        0.0000000000000000     
  2.79874576728532380E-012  3.04454450970781110E-012
  1.41366417941017717E-010  2.97405822867864033E-010
         277   0.0000000000000000        0.0000000000000000     
 -5.34618030358756382E-012  6.06993852418422931E-012
 -2.26070661234665286E-010 -1.89348323359868873E-010
         278   0.0000000000000000        0.0000000000000000     
  9.29720826694458151E-013  4.86370954474880284E-012
  2.33167530082884212E-010  1.31504690668859682E-010
         279   0.0000000000000000        0.0000000000000000     
 -9.93961387193614761E-014  1.56696184199380726E-011
 -2.44883694232181234E-010  3.19599151596372194E-011
         280   0.0000000000000000        0.0000000000000000     
  5.91615858337191567E-012  9.15978159587272434E-015
  2.46657328308919298E-010 -7.96042484029241724E-011
         281   0.0000000000000000        0.0000000000000000     
  1.14651336420497366E-011  7.94008512547945816E-012
 -1.58914487246131452E-010  2.49097758341312566E-010
         282   0.0000000000000000        0.0000000000000000     
 -2.31946095999234466E-012  2.14300468590832228E-012
  6.93077018431392807E-011 -3.59962577888934090E-010
         283   0.0000000000000000        0.0000000000000000     
  1.33618313584333440E-011  3.28823292039899191E-013
  1.70783593845381071E-010  4.51342454644918496E-010
         284   0.0000000000000000        0.0000000000000000     
  3.98859090022591380E-012  1.02495159362644787E-011
 -3.73542455578774926E-010 -3.26100965825752380E-010
         285   0.0000000000000000        0.0000000000000000     
  7.56274157351501960E-012 -7.08762615022299582E-012
  4.93275095720864582E-010  6.02982782673957901E-011
         286   0.0000000000000000        0.0000000000000000     
  1.25138687812976253E-011  2.29004906143254138E-012
 -3.21283293778140443E-010  9.87816826833372083E-011
         287   0.0000000000000000        0.0000000000000000     
  1.63440504001015900E-012 -7.31438074070532912E-012
  2.95455473925327761E-010 -2.62096039657038814E-010
         288   0.0000000000000000        0.0000000000000000     
  8.88880065657060925E-012 -6.69693676710433416E-012
 -5.84241104804081575E-011  3.48139783262659193E-010
         289   0.0000000000000000        0.0000000000000000     
  1.16656416491882662E-013  1.24115713801420412E-012
 -1.50204343742423075E-010 -3.43767916046840968E-010
         290   0.0000000000000000        0.0000000000000000     
  4.44341727516003249E-012 -8.65799642673184157E-012
  3.08979544044397469E-010  1.52224707115738855E-010
         291   0.0000000000000000        0.0000000000000000     
  7.36374135462541209E-012 -6.21435558105124064E-012
 -2.34393708456853713E-010 -3.36922675884910670E-011
         292   0.0000000000000000        0.0000000000000000     
  3.72949289470090859E-013 -9.70718876722426441E-012
  1.95322772308723038E-010 -6.88726368996667600E-011
         293   0.0000000000000000        0.0000000000000000     
 -6.39318203578317976E-012 -6.20577208180169141E-012
 -2.19753546452967628E-010  1.08616480102022886E-010
         294   0.0000000000000000        0.0000000000000000     
 -3.36828911595640960E-012 -7.89335718333815646E-012
  6.10207598807375377E-011 -3.05877160499559908E-010
         295   0.0000000000000000        0.0000000000000000     
  2.31937346264513670E-012 -4.03830687250647757E-012
  1.39829555254403228E-010  2.90033963598231416E-010
         296   0.0000000000000000        0.0000000000000000     
 -7.71741886186480061E-012 -5.24581053660311988E-012
 -3.33746923150925952E-010 -2.38703631548033260E-010
         297   0.0000000000000000        0.0000000000000000     
 -5.59647781488306933E-012 -1.20116608497318124E-011
  3.82047993522718086E-010 -2.51954271356114608E-011
         298   0.0000000000000000        0.0000000000000000     
 -6.73499194661172127E-012  3.58193986302246140E-012
 -3.22534976047174834E-010  2.11487532436692564E-010
         299   0.0000000000000000        0.0000000000000000     
 -1.29361688628043499E-011 -3.88855476458831959E-012
  4.75866147219503697E-011 -2.68943619080393224E-010
         300   0.0000000000000000        0.0000000000000000     
 -1.21959950704091259E-012  1.16591156083912303E-012
  3.10824026662540280E-011  2.20876684115958743E-010
         301   0.0000000000000000        0.0000000000000000     
 -9.65248046143160935E-012  4.55570542218807298E-012
 -1.57584029402331479E-010 -1.33007101524550293E-010
         302   0.0000000000000000        0.0000000000000000     
 -4.07483337322107322E-012 -2.63982395277330820E-012
  1.07778143235741779E-010  9.68322481886089367E-011
         303   0.0000000000000000        0.0000000000000000     
 -6.36676943862548224E-012  7.05291223003927654E-012
 -1.81501715474991414E-010 -8.15883633573125608E-011
         304   0.0000000000000000        0.0000000000000000     
 -8.85090691693710841E-012  4.87208834673011177E-012
  1.36609612188961206E-010  9.60137618968710117E-011
         305   0.0000000000000000        0.0000000000000000     
 -2.72643378382410295E-012  9.33544038124358417E-012
 -2.11466625068790955E-010 -4.81999745884518386E-011
         306   0.0000000000000000        0.0000000000000000     
  1.72874358260107696E-012  6.50875306855144562E-012
  2.56084497128509346E-010  1.49216357667949921E-011
         307   0.0000000000000000        0.0000000000000000     
 -1.73021530688222669E-012  6.17496414951680873E-012
 -2.17686665297179919E-010  1.52571163142271888E-010
         308   0.0000000000000000        0.0000000000000000     
 -1.83383450283496914E-012  3.90469232778520772E-012
  8.41679172866668065E-011 -2.38510203453009165E-010
         309   0.0000000000000000        0.0000000000000000     
  2.65454900082648759E-012  1.12283624227571323E-011
  1.26680947281090402E-010  2.80131154812168086E-010
         310   0.0000000000000000        0.0000000000000000     
  2.80631282292343900E-012  9.16427982856818423E-012
 -1.78398744275636715E-010 -6.45447666933448727E-011
         311   0.0000000000000000        0.0000000000000000     
  9.05860285845847613E-012  1.33372726784896509E-012
  2.05518526553525013E-010  3.84292517606406699E-011
         312   0.0000000000000000        0.0000000000000000     
  6.14511203488582716E-012  5.81019970550730980E-012
 -1.19107642500877596E-010  8.06628525754870402E-011
         313   0.0000000000000000        0.0000000000000000     
  3.77340769353812368E-012  7.61853040579508669E-013
  4.17179994883990030E-011 -6.82066757792091674E-011
         314   0.0000000000000000        0.0000000000000000     
  6.87546610736956670E-012  2.79775802381357103E-012
  1.54322331682170247E-011  4.05205518715521389E-011
         315   0.0000000000000000        0.0000000000000000     
  5.73890084342934068E-012 -7.48865456489998418E-013
  3.75810853348681418E-011 -5.71457950938017453E-011
         316   0.0000000000000000        0.0000000000000000     
  1.08592221625799343E-011 -1.16691253140550003E-012
  4.28460011862015462E-011  1.37121168969083049E-010
         317   0.0000000000000000        0.0000000000000000     
  4.32662206558787893E-012 -9.15820396588141959E-013
 -1.23392429681157204E-010 -2.05274640183170793E-010
         318   0.0000000000000000        0.0000000000000000     
  6.65633957307405014E-012 -1.02908066734710539E-011
  2.95964415635258891E-010  8.73669518929115332E-011
         319   0.0000000000000000        0.0000000000000000     
  4.02869223502011773E-012  1.72854127600903635E-013
 -2.89386097419025540E-010  2.07284835486645922E-011
         320   0.0000000000000000        0.0000000000000000     
 -1.52786669391935366E-013 -6.53580727530218976E-012
  2.41871310390474803E-010 -1.51575365589199369E-010
         321   0.0000000000000000        0.0000000000000000     
  9.26494210285074096E-012 -4.86209962485979959E-012
 -1.58124265138809119E-010  2.24173954854297772E-010
         322   0.0000000000000000        0.0000000000000000     
  1.55731437042843423E-013 -6.08501701324097021E-012
 -1.70229319100128718E-011 -3.93528552135350350E-010
         323   0.0000000000000000        0.0000000000000000     
 -2.07387151946925989E-013 -1.42159568378796627E-011
  2.65155032898448808E-010  2.11665094862995856E-010
         324   0.0000000000000000        0.0000000000000000     
 -3.37699217415332670E-012 -2.34820170320147029E-012
 -3.28091463290989292E-010 -9.01226807246729182E-011
         325   0.0000000000000000        0.0000000000000000     
 -4.34118085674654361E-012 -6.84714423808777389E-012
  2.87140777165063147E-010 -7.62355681800685991E-011
         326   0.0000000000000000        0.0000000000000000     
 -7.43892579494706836E-013 -4.45785115213725405E-012
 -2.13256098111588789E-010  1.62460960012968110E-010
         327   0.0000000000000000        0.0000000000000000     
 -6.56498206818399111E-012 -7.80905616609695214E-012
  4.91401890075925070E-011 -2.46261142436627323E-010
         328   0.0000000000000000        0.0000000000000000     
 -7.09477557997297638E-012 -4.20127788589927267E-012
  1.58140095901965843E-011  2.06218260383999229E-010
         329   0.0000000000000000        0.0000000000000000     
 -1.01086166229642567E-011 -9.81862314180083534E-013
 -2.01631235581249297E-010 -2.09457193530971185E-010
         330   0.0000000000000000        0.0000000000000000     
 -5.61775918656633768E-012 -5.62447242161522232E-013
  2.78989681462925789E-010  1.21958083457643978E-010
         331   0.0000000000000000        0.0000000000000000     
 -8.06849568495113396E-012  6.61202852510384187E-012
 -3.96512236782114295E-010  7.84007669188388918E-011
         332   0.0000000000000000        0.0000000000000000     
 -7.63453805375910249E-012 -3.17685690909856313E-012
  2.38881389070150241E-010 -2.65267512400446888E-010
         333   0.0000000000000000        0.0000000000000000     
 -1.06355154649410901E-012  4.84877211364834939E-012
 -6.20789346060362658E-011  3.27292394076726211E-010
         334   0.0000000000000000        0.0000000000000000     
 -1.25850170438232464E-011  5.49485526777273474E-012
 -1.50841840304412232E-010 -2.27419705638132548E-010
         335   0.0000000000000000        0.0000000000000000     
 -2.19916744972198083E-012  3.70319550171445505E-012
  1.91823103001354487E-010  1.63800408152654497E-010
         336   0.0000000000000000        0.0000000000000000     
 -1.37324665659446632E-012  1.47528913325375946E-011
 -2.53937147082429160E-010 -6.24143700531425738E-012
         337   0.0000000000000000        0.0000000000000000     
 -1.47482160324677063E-012  8.78084046778968233E-013
  2.59636058810148893E-010 -3.62732421221903173E-011
         338   0.0000000000000000        0.0000000000000000     
  3.93921135857654959E-012  7.16571873531884303E-012
 -2.17951727646980456E-010  1.69689046552492196E-010
         339   0.0000000000000000        0.0000000000000000     
 -3.91360785168756830E-012  7.96454514508707955E-012
  9.92491168368401434E-011 -1.70394671822954813E-010
         340   0.0000000000000000        0.0000000000000000     
  4.42607440771490280E-012  8.17498646789161661E-012
 -2.92147851697382676E-011  1.99466050593736665E-010
         341   0.0000000000000000        0.0000000000000000     
  6.83009812202757158E-012  7.81393699162927431E-012
 -9.32517319724246314E-012 -1.61642965939739960E-010
         342   0.0000000000000000        0.0000000000000000     
  6.67317502072286675E-012  2.00800934326304454E-012
  1.61676659763176732E-010  1.48223381056563709E-010
         343   0.0000000000000000        0.0000000000000000     
  6.70635245898956362E-012  2.86617187675638835E-012
 -1.75445461360753714E-010 -6.37127889358646479E-011
         344   0.0000000000000000        0.0000000000000000     
  5.35393306139418285E-012  9.90051865426177339E-013
  2.69079053945645858E-010 -3.85130383431092453E-011
         345   0.0000000000000000        0.0000000000000000     
  7.35615972730291270E-012  2.57506310259617735E-012
 -1.54732702117119431E-010  1.83278410093521569E-010
         346   0.0000000000000000        0.0000000000000000     
  6.03964117063257580E-012 -1.59319232706366490E-012
  7.69206358727371995E-011 -2.42724410670715072E-010
         347   0.0000000000000000        0.0000000000000000     
  1.03576742456743029E-011 -2.56391234899529006E-012
  1.78057723470623183E-010  2.19606733011816326E-010
         348   0.0000000000000000        0.0000000000000000     
  5.78798596388162624E-012 -3.30606021257222065E-012
 -2.45754665939732651E-010 -5.23154451922635486E-011
         349   0.0000000000000000        0.0000000000000000     
  3.80792962548284699E-012 -8.81611965745048444E-012
  2.23143519465686516E-010 -1.49484684879067765E-010
         350   0.0000000000000000        0.0000000000000000     
  3.26948405304765471E-012 -2.48990457054411409E-012
 -8.42221662231001538E-011  1.33703768549831365E-010
         351   0.0000000000000000        0.0000000000000000     
  1.86877862637867184E-012 -6.36317691375532917E-012
  9.38190615542419389E-011 -1.12304987168534979E-010
         352   0.0000000000000000        0.0000000000000000     
  5.93597858140200908E-012 -6.46780162285500566E-012
 -6.61727128971456597E-011  9.57572658924539181E-011
         353   0.0000000000000000        0.0000000000000000     
 -1.47206687437662532E-012 -1.07464872692959715E-011
  3.62014053781041789E-011 -1.61568374582850739E-010
         354   0.0000000000000000        0.0000000000000000     
 -3.08041454787026155E-012 -9.00891018334688239E-012
 -1.50603425811588725E-011  7.46270100590675179E-011
         355   0.0000000000000000        0.0000000000000000     
 -5.29283829194272983E-012 -3.80815664766147063E-012
 -3.41142097702985544E-011 -1.28029183321998015E-010
         356   0.0000000000000000        0.0000000000000000     
 -2.89289233065559332E-012 -5.80389919647042101E-012
  8.57420910940305619E-011  1.10976302788924619E-010
         357   0.0000000000000000        0.0000000000000000     
 -3.82122544457729154E-012 -3.39018422171886573E-012
 -2.01340975233576160E-010 -7.56494620230262572E-011
         358   0.0000000000000000        0.0000000000000000     
 -8.26982711650914335E-012 -6.30928207235621801E-012
  1.66580311041833354E-010 -5.38219918276940336E-011
         359   0.0000000000000000        0.0000000000000000     
 -6.55714752341151916E-012 -1.33235578505091085E-012
 -1.90930916222441525E-010  1.00184195143029811E-010
         360   0.0000000000000000        0.0000000000000000     
 -8.84636787162913397E-012 -5.27485004296672485E-014
  4.65299992146166815E-011 -1.76059321813981886E-010
         361   0.0000000000000000        0.0000000000000000     
 -6.62050042329051914E-012  1.78024790666812083E-012
  3.51508983037046845E-011  1.50225249580454270E-010
         362   0.0000000000000000        0.0000000000000000     
 -5.51480853894336107E-012  2.99266614285644502E-012
 -1.23340384109087648E-010 -4.45756259199188270E-011
         363   0.0000000000000000        0.0000000000000000     
 -4.52507719490124693E-012  2.36586771993494712E-012
  1.00507568843223123E-010  2.55942273395004169E-011
         364   0.0000000000000000        0.0000000000000000     
 -6.47855187305163258E-012  4.00218038201513544E-012
 -1.65964330509078582E-010  3.83665023393661387E-011
         365   0.0000000000000000        0.0000000000000000     
 -6.46383948130270041E-012  3.82540815976020626E-012
  1.30937966751762075E-010 -6.24598018705016686E-011
         366   0.0000000000000000        0.0000000000000000     
 -3.25604922749088841E-012  1.09389892498698931E-011
 -1.35239515510656592E-010  1.97247323570374252E-010
         367   0.0000000000000000        0.0000000000000000     
 -1.71416966921680347E-012  7.43098751378618487E-012
  1.17208857712239118E-011 -1.64382074845414801E-010
         368   0.0000000000000000        0.0000000000000000     
  3.77727303594076157E-012  5.35259598009891874E-012
  9.21452484884405711E-011  1.90488272872709090E-010
         369   0.0000000000000000        0.0000000000000000     
 -2.68127270297028955E-012  8.10867768072303164E-012
 -1.92121351393775986E-010 -7.59076446111575324E-011
         370   0.0000000000000000        0.0000000000000000     
  1.06057829915655097E-012  4.30824186668479809E-012
  2.33847628668697175E-010  4.45802659508825705E-012
         371   0.0000000000000000        0.0000000000000000     
  7.33267874440309312E-012  1.29112556806263670E-011
 -1.73465320816251756E-010  1.65463916694150094E-010
         372   0.0000000000000000        0.0000000000000000     
  4.25383601647891616E-012  3.03837375536334160E-012
  1.53627396582742162E-010 -1.47907510724926180E-010
         373   0.0000000000000000        0.0000000000000000     
  1.11617320488704363E-011  2.25571423142841141E-012
 -5.07869380384787842E-011  2.12095186308267515E-010
         374   0.0000000000000000        0.0000000000000000     
  4.36815374417565477E-012  3.06706830945014107E-012
 -5.84685396328235023E-012 -2.09666219304077390E-010
         375   0.0000000000000000        0.0000000000000000     
  7.09587933902801491E-012 -1.44783421519647764E-012
  1.50544449260617683E-010  1.64817203456180518E-010
         376   0.0000000000000000        0.0000000000000000     
  8.64602802224556221E-012  1.93917102624220989E-012
 -1.81047540752070635E-010 -6.28534214028240711E-011
         377   0.0000000000000000        0.0000000000000000     
  6.74996579469123052E-012 -2.00325406420664879E-012
  2.31148531749008073E-010 -6.38686792307480821E-011
         378   0.0000000000000000        0.0000000000000000     
  8.88479824197244487E-012 -4.09288678416025030E-012
 -1.31539424424022213E-010  1.23200245467929899E-010
         379   0.0000000000000000        0.0000000000000000     
  5.07473684075792802E-012 -8.34997263053145219E-012
  9.67177073965053602E-011 -2.27169801855551263E-010
         380   0.0000000000000000        0.0000000000000000     
  3.94731659762742087E-012 -6.60867812811544875E-012
  4.54526049178090209E-011  1.78609564499610367E-010
         381   0.0000000000000000        0.0000000000000000     
  2.43401217801227523E-013 -3.93421454016480177E-012
 -1.64802357259198802E-010 -1.70849676694162141E-010
         382   0.0000000000000000        0.0000000000000000     
  3.70453473357691831E-012 -8.48750435389248903E-012
  2.81280655528494230E-010 -4.13317385354559787E-011
         383   0.0000000000000000        0.0000000000000000     
  3.11749170681397991E-012 -6.92476245383322511E-012
 -1.97693408166691596E-010  1.69971062376352536E-010
         384   0.0000000000000000        0.0000000000000000     
 -5.79821132236960134E-012 -1.19234812804803154E-011
  6.14377227789024229E-011 -3.04217072655266038E-010
         385   0.0000000000000000        0.0000000000000000     
 -2.55057793382878528E-012 -5.74843139643928268E-012
  1.85480418415809998E-011  2.36071325062062122E-010
         386   0.0000000000000000        0.0000000000000000     
 -7.99739729012684480E-012 -2.79100498089880243E-012
 -1.54949881176152320E-010 -2.13790223055000504E-010
         387   0.0000000000000000        0.0000000000000000     
 -2.61945350222183390E-012 -6.41527695252285276E-012
  1.60284164670395805E-010  6.46802363745340531E-011
         388   0.0000000000000000        0.0000000000000000     
 -5.95481670967453761E-012 -1.76087773604259194E-012
 -1.60235157619697035E-010 -2.74063116738170541E-011
         389   0.0000000000000000        0.0000000000000000     
 -9.45791445242788514E-012 -5.36208038177403035E-012
  1.18824579521375323E-010 -3.59105528853640354E-011
         390   0.0000000000000000        0.0000000000000000     
 -5.78789409685505147E-012  4.13559319018722594E-013
 -1.60678277263724452E-010  9.14380375339274633E-011
         391   0.0000000000000000        0.0000000000000000     
 -1.01510103977178800E-011  1.64319176481041844E-012
  6.00449373629259917E-011 -1.25814065198710539E-010
         392   0.0000000000000000        0.0000000000000000     
 -5.46294493111824479E-012  3.06173189941813176E-012
 -7.02791050612392138E-011  1.55159419731704212E-010
         393   0.0000000000000000        0.0000000000000000     
 -6.03761056711872378E-012  4.23360515478401583E-012
 -2.03641330573733758E-011 -1.42245022397770537E-010
         394   0.0000000000000000        0.0000000000000000     
 -4.22217238026324899E-012  2.55787214205245061E-012
  6.55287569539892597E-011  1.40448171858699168E-010
         395   0.0000000000000000        0.0000000000000000     
 -6.10272467067238121E-012  6.14075202023243026E-012
 -1.74870984827776996E-010 -3.17851314902878187E-011
         396   0.0000000000000000        0.0000000000000000     
 -6.42247322707382423E-012  7.23766320903262317E-012
  1.30152154905804518E-010 -5.45667613441968417E-011
         397   0.0000000000000000        0.0000000000000000     
  6.57760235595248368E-013  1.04814649054393956E-011
 -7.77348239365836737E-011  1.70700175670224791E-010
         398   0.0000000000000000        0.0000000000000000     
  1.51035107019148716E-012  7.86695357478251709E-012
  3.76761709356147741E-011 -1.35105209342756768E-010
         399   0.0000000000000000        0.0000000000000000     
  2.50528739825932829E-012  4.82296803699595345E-012
  5.75979210189387997E-011  1.78810215863139888E-010
         400   0.0000000000000000        0.0000000000000000     
  1.20598649532666561E-012  6.83946229561986836E-012
 -1.16359029266602962E-010 -7.17249068725537573E-011
         401   0.0000000000000000        0.0000000000000000     
  4.21481425557155289E-012  7.81479736506345683E-012
  1.37885681792718261E-010  1.32363060329180332E-011
         402   0.0000000000000000        0.0000000000000000     
  7.37381201071477865E-012  6.39096729801206147E-012
 -3.49983228853224102E-011  8.22746664993616295E-011
         403   0.0000000000000000        0.0000000000000000     
  7.94940527036240447E-012  1.79792520194506033E-012
  7.65441169029843350E-011 -5.26141925001520460E-011
         404   0.0000000000000000        0.0000000000000000     
  8.41736739510777984E-012  2.43067243860675027E-012
 -1.55276851748009396E-011  9.95489034508857877E-011
         405   0.0000000000000000        0.0000000000000000     
  4.48515383941048664E-012 -7.74171976153110323E-013
  2.73353431992339011E-011 -1.09990512202280942E-010
         406   0.0000000000000000        0.0000000000000000     
  8.36960749507966364E-012 -9.12504575740205292E-013
  4.08411779101804958E-011  8.85946473633868427E-011
         407   0.0000000000000000        0.0000000000000000     
  5.78016220378413798E-012 -3.16814703491507532E-013
  5.20634099510587199E-012 -8.72613309820606662E-011
         408   0.0000000000000000        0.0000000000000000     
  8.39248779636579920E-012 -4.38015178742194320E-012
  8.49394807268984339E-011  7.53373988421306021E-011
         409   0.0000000000000000        0.0000000000000000     
  7.60087088585607932E-012 -4.49438736735033941E-012
 -7.35676988100790800E-011 -6.21474282612488551E-011
         410   0.0000000000000000        0.0000000000000000     
  2.47587275208246678E-012 -9.26609745140698092E-012
  1.44545076215404044E-010 -4.51882574605163172E-011
         411   0.0000000000000000        0.0000000000000000     
  2.52670688104082374E-012 -7.05336428463721332E-012
 -1.08009487563056768E-010  8.51553230247761156E-011
         412   0.0000000000000000        0.0000000000000000     
  1.10326677832802363E-012 -4.85407281493215954E-012
  5.14732214663871340E-011 -1.55853569571784536E-010
         413   0.0000000000000000        0.0000000000000000     
  2.30621299726634038E-012 -7.60237235140382182E-012
  5.33024703166285071E-012  1.11112873141531355E-010
         414   0.0000000000000000        0.0000000000000000     
 -1.00118254961666948E-012 -1.04969447092282044E-011
 -5.79932908457006024E-011 -1.68721276061608748E-010
         415   0.0000000000000000        0.0000000000000000     
 -4.88540100967611398E-012 -8.82195279904345245E-012
  1.14928042264122393E-010  4.26036354193621124E-011
         416   0.0000000000000000        0.0000000000000000     
 -7.29457803681035420E-012 -4.00374331946496290E-012
 -1.79352572102486351E-010  1.95645928763969634E-011
         417   0.0000000000000000        0.0000000000000000     
 -6.15091715810604909E-012 -5.20147802571756044E-012
  1.02787668582656252E-010 -1.48208014003732370E-010
         418   0.0000000000000000        0.0000000000000000     
 -3.69182770224471687E-012 -1.97484780863489212E-012
 -6.71961862686026119E-011  1.92399416616799633E-010
         419   0.0000000000000000        0.0000000000000000     
 -9.89319749621711087E-012 -3.31575962139787459E-012
 -7.76847159675306200E-011 -2.32438876839790307E-010
         420   0.0000000000000000        0.0000000000000000     
 -6.22979540452939440E-012 -2.31100402489285512E-012
  1.24695173501582799E-010  1.66604795609157084E-010
         421   0.0000000000000000        0.0000000000000000     
 -9.95613348576878358E-012  3.52773398426144920E-012
 -2.29241924996930586E-010 -5.70948269164824635E-011
         422   0.0000000000000000        0.0000000000000000     
 -8.23272243030480526E-012  1.82962104344937440E-012
  1.54383336148783246E-010 -2.64564662938742305E-011
         423   0.0000000000000000        0.0000000000000000     
 -3.89380256199614976E-012  7.66201515155341866E-012
 -1.51663120626095191E-010  1.38459559509827488E-010
         424   0.0000000000000000        0.0000000000000000     
 -6.20993703224874970E-012  4.18858191854266242E-012
  4.64213345643223183E-011 -1.45051879193845419E-010
         425   0.0000000000000000        0.0000000000000000     
 -2.37625332913117868E-012  4.16469620912577887E-012
 -1.75044336444096869E-012  1.75398712127255265E-010
         426   0.0000000000000000        0.0000000000000000     
 -6.09932228878799818E-012  8.62945522673026952E-012
 -7.59574307216283256E-011 -9.47516336696580510E-011
         427   0.0000000000000000        0.0000000000000000     
 -1.12337889424437065E-012  8.81946420683268075E-012
  8.12696338538535771E-011  1.21027963244047996E-010
         428   0.0000000000000000        0.0000000000000000     
  3.57378779747990238E-012  9.81273247262825119E-012
 -1.07316380391139463E-010  6.96399847411036941E-012
         429   0.0000000000000000        0.0000000000000000     
  2.83951367849088594E-012  4.96101404004860566E-012
  1.27272444141977544E-010 -4.47748298351942026E-011
         430   0.0000000000000000        0.0000000000000000     
  3.99624173399538331E-012  4.94953008163381550E-012
 -4.55082869911798374E-011  1.70732010748357355E-010
         431   0.0000000000000000        0.0000000000000000     
  1.89353713561144406E-012  6.44174576822919678E-012
 -3.41690705983624634E-011 -1.55455496089787441E-010
         432   0.0000000000000000        0.0000000000000000     
  7.39565380688226717E-012  4.77841907848490831E-012
  1.48352873067692049E-010  1.79947122607960472E-010
         433   0.0000000000000000        0.0000000000000000     
  7.09218790316991635E-012  5.07841317119958914E-012
 -1.96242291695909838E-010 -6.71871461706583430E-011
         434   0.0000000000000000        0.0000000000000000     
  6.87531263294491632E-012 -9.04304766000673707E-013
  2.45832350331629056E-010 -7.50284891313110434E-011
         435   0.0000000000000000        0.0000000000000000     
  8.70254540529903743E-012  5.26197941246871539E-013
 -9.67051966240207377E-011  1.73731815272933024E-010
         436   0.0000000000000000        0.0000000000000000     
  4.23828365931176530E-012 -1.49717947911003023E-012
  3.63858085784384973E-011 -2.10290900737972965E-010
         437   0.0000000000000000        0.0000000000000000     
  7.80418822901175799E-012 -2.31994466937613127E-012
  9.95555079907441024E-011  1.86625196056478443E-010
         438   0.0000000000000000        0.0000000000000000     
  5.32508977464896296E-012 -1.62016915190998716E-012
 -1.29274626241195014E-010 -1.40972355767999512E-010
         439   0.0000000000000000        0.0000000000000000     
  8.20590754177290153E-012 -6.41762838847063210E-012
  1.86905686370413322E-010  2.82379368839952206E-011
         440   0.0000000000000000        0.0000000000000000     
  4.72814071645637508E-012 -6.36945562374979698E-012
 -1.14391735542554645E-010 -1.36692787268551587E-011
         441   0.0000000000000000        0.0000000000000000     
  5.84923298899299963E-013 -9.86038233845240010E-012
  8.68770788586517795E-011 -7.72308001019558501E-011
         442   0.0000000000000000        0.0000000000000000     
  7.56900200290648114E-013 -5.06238770049769301E-012
 -5.07647794379220311E-011  2.96577568872516459E-011
         443   0.0000000000000000        0.0000000000000000     
 -8.69977088180291561E-013 -6.27597933647564597E-012
  4.09979756549723637E-011 -8.16248837807605092E-011
         444   0.0000000000000000        0.0000000000000000     
  1.10150357204199178E-012 -8.78676630296883403E-012
 -2.29443961163501021E-011  5.56111807665671358E-011
         445   0.0000000000000000        0.0000000000000000     
 -4.92310398215527645E-012 -7.76224925867304561E-012
 -2.32677682935661199E-011 -1.31611742570072440E-010
         446   0.0000000000000000        0.0000000000000000     
 -6.72715224831368706E-012 -6.60723821029995746E-012
  3.16513403221683339E-011  7.68723370439211065E-011
         447   0.0000000000000000        0.0000000000000000     
 -6.18869160225131105E-012 -2.50080649381595828E-012
 -1.10281608648780712E-010 -5.65771849704739790E-011
         448   0.0000000000000000        0.0000000000000000     
 -6.58498520520663854E-012 -2.21100613586336386E-012
  5.24420303410737577E-011 -2.19438946338907884E-011
         449   0.0000000000000000        0.0000000000000000     
 -5.58861213415982204E-012 -2.54117470110570385E-012
 -5.09231405567975463E-011  4.83937977469380976E-011
         450   0.0000000000000000        0.0000000000000000     
 -7.20335006841733954E-012 -5.88376926018285794E-013
 -4.20257655894529504E-011 -6.54620153044887436E-011
         451   0.0000000000000000        0.0000000000000000     
 -8.02679378878583907E-012  5.21166837412394567E-013
  1.36306534335036629E-011  5.85449309746113410E-011
         452   0.0000000000000000        0.0000000000000000     
 -8.25207571357360901E-012  2.88457364505565772E-012
 -9.72756451140565344E-011 -4.46750859308269257E-011
         453   0.0000000000000000        0.0000000000000000     
 -5.78802680114246496E-012  5.33578801596111825E-012
  7.16605942564913840E-011  3.93061035111163776E-011
         454   0.0000000000000000        0.0000000000000000     
 -4.23958812827317574E-012  6.72685580645217990E-012
 -9.89077669970930234E-011  3.85822544996789732E-011
         455   0.0000000000000000        0.0000000000000000     
 -2.80593216049145035E-012  3.70320890099546189E-012
  5.69792953400825781E-011 -3.33302586368107685E-011
         456   0.0000000000000000        0.0000000000000000     
 -2.78912246489712008E-012  6.71248157575703645E-012
 -5.48752830852787989E-011  9.18095391257876525E-011
         457   0.0000000000000000        0.0000000000000000     
 -4.49558304043924479E-012  8.12375624817311544E-012
  3.69213533645243976E-012 -7.13487490608999313E-011
         458   0.0000000000000000        0.0000000000000000     
  2.86475160903288418E-012  8.90587611799131624E-012
  3.93380308269836629E-011  1.43256483983263749E-010
         459   0.0000000000000000        0.0000000000000000     
  3.68908945455440079E-012  8.30123220788150150E-012
 -6.29427977946524170E-011 -6.54930027242203165E-011
         460   0.0000000000000000        0.0000000000000000     
  4.21883720906585370E-012  3.42934418907108659E-012
  1.05854008146521218E-010  6.21456712481235412E-011
         461   0.0000000000000000        0.0000000000000000     
  3.95127741077400225E-012  5.44533892722479807E-012
 -7.83850627621713052E-011 -5.27823701296834723E-012
         462   0.0000000000000000        0.0000000000000000     
  4.03047925218600246E-012  4.78404033222414438E-012
  1.12341859380439961E-010 -1.36298219265470738E-011
         463   0.0000000000000000        0.0000000000000000     
  7.98650077032283000E-012  3.99463305411799232E-012
 -2.35665183532798300E-011  1.01511564811060896E-010
         464   0.0000000000000000        0.0000000000000000     
  7.36311517107007003E-012  1.76525306322355658E-012
  2.29539931001099118E-011 -9.56194291841411594E-011
         465   0.0000000000000000        0.0000000000000000     
  8.33230953771905685E-012 -1.12915206278842579E-012
  7.69051488321183507E-011  1.08919626715378365E-010
         466   0.0000000000000000        0.0000000000000000     
  6.14180902288207260E-012 -1.83104663054005268E-012
 -9.39838173691155524E-011 -1.07572511982287943E-010
         467   0.0000000000000000        0.0000000000000000     
  5.67333195246439958E-012 -3.95954656139629838E-012
  1.95435103431929983E-010  1.61872272382879254E-011
         468   0.0000000000000000        0.0000000000000000     
  5.75995116516466881E-012 -1.75661738678051397E-012
 -1.41247866701984034E-010  8.18034144745004851E-011
         469   0.0000000000000000        0.0000000000000000     
  4.77624243737576422E-012 -5.09622644152534879E-012
  8.61332372893293397E-011 -1.76491194577234892E-010
         470   0.0000000000000000        0.0000000000000000     
  6.50342146110035447E-012 -7.42380930832822288E-012
  5.10910436118642285E-011  1.43682155900498127E-010
         471   0.0000000000000000        0.0000000000000000     
 -7.18083232248004216E-014 -7.91385700275381053E-012
 -1.15027576742945604E-010 -1.61931582485519165E-010
         472   0.0000000000000000        0.0000000000000000     
 -7.33184807921793572E-013 -8.07234199376893473E-012
  1.60735366358054569E-010  3.17715455926446689E-011
         473   0.0000000000000000        0.0000000000000000     
 -1.13291002469657404E-012 -3.58977688807415250E-012
 -1.60108457282271647E-010  1.13855216877117444E-011
         474   0.0000000000000000        0.0000000000000000     
 -1.23956172114133311E-012 -6.83770414755414992E-012
  1.01971383830180746E-010 -1.10550782975184545E-010
         475   0.0000000000000000        0.0000000000000000     
 -1.62501614454664508E-012 -6.61090957175915998E-012
 -3.53800354761877217E-011  8.85158460827552856E-011
         476   0.0000000000000000        0.0000000000000000     
 -6.64792236332837368E-012 -6.01066756512655621E-012
 -5.67716450460961852E-011 -1.13012892021676302E-010
         477   0.0000000000000000        0.0000000000000000     
 -5.26618384258961512E-012 -3.82410411363699023E-012
  5.00838935024743672E-011  4.56624387325947187E-011
         478   0.0000000000000000        0.0000000000000000     
 -6.51660231817984057E-012 -5.20371634108823000E-013
 -1.03397551728496597E-010 -3.15205992665112035E-011
         479   0.0000000000000000        0.0000000000000000     
 -5.66272212621877707E-012 -2.47605784678240416E-012
  6.68803844070188940E-011 -3.16708940306181878E-012
         480   0.0000000000000000        0.0000000000000000     
 -4.96532555065038496E-012  3.08587463668845459E-014
 -1.06930846993276305E-010  2.46871952763682260E-011
         481   0.0000000000000000        0.0000000000000000     
 -7.98531889392685642E-012 -1.58824398996232320E-013
  4.63231755526572151E-011 -7.88932622232119686E-011
         482   0.0000000000000000        0.0000000000000000     
 -5.97588484053557084E-012  1.28832934963448518E-012
 -2.76825570143017050E-011  1.24326578748750269E-010
         483   0.0000000000000000        0.0000000000000000     
 -7.51365854705435217E-012  5.44949474516039358E-012
 -1.01940825768545556E-010 -9.90119072152516772E-011
         484   0.0000000000000000        0.0000000000000000     
 -4.56103774265838557E-012  4.89313870776126559E-012
  1.38150447252460785E-010  8.43993152677626806E-011
         485   0.0000000000000000        0.0000000000000000     
 -1.80472213095911215E-012  6.90518877251886618E-012
 -1.85358327002522762E-010  4.88833664658940492E-011
         486   0.0000000000000000        0.0000000000000000     
 -3.02443857672442800E-012  4.08231234843633051E-012
  1.33499123717708114E-010 -9.20897889895831237E-011
         487   0.0000000000000000        0.0000000000000000     
 -1.66046650679526318E-012  6.75887731920486153E-012
 -7.22186906968843151E-011  1.76287671273783159E-010
         488   0.0000000000000000        0.0000000000000000     
 -1.38517126699692213E-012  8.70994824520543727E-012
 -2.36496728131110895E-011 -1.12313926220274749E-010
         489   0.0000000000000000        0.0000000000000000     
  4.12066484193286645E-012  7.80260218005816778E-012
  8.61511177129168421E-011  1.23550858338079386E-010
         490   0.0000000000000000        0.0000000000000000     
  4.08079646197717512E-012  5.46981629271575028E-012
 -7.22323070630662915E-011 -2.89622736825596271E-011
         491   0.0000000000000000        0.0000000000000000     
  4.97676021774756475E-012  2.91137847404274724E-012
  9.74073586023026090E-011  3.08444333670095108E-011
         492   0.0000000000000000        0.0000000000000000     
  3.87360384630151127E-012  4.87818942400618239E-012
 -6.04630394613306543E-011  1.54205835803179524E-011
         493   0.0000000000000000        0.0000000000000000     
  5.45198300680483975E-012  2.84227472607451374E-012
  7.33527120430082986E-011  1.01193531769723470E-012
         494   0.0000000000000000        0.0000000000000000     
  7.85806606803792453E-012  2.88187576907848887E-012
 -1.79043426856566756E-011  1.50905607852006955E-011
         495   0.0000000000000000        0.0000000000000000     
  6.69828508931475118E-012 -1.60242268533631866E-013
  6.60818832419514286E-011 -1.40149155404210151E-011
         496   0.0000000000000000        0.0000000000000000     
  7.58175670639223923E-012 -2.45160201119630694E-012
  2.21454928650779371E-012  2.82779494257904449E-011
         497   0.0000000000000000        0.0000000000000000     
  5.38847582724699584E-012 -2.84546799257559482E-012
 -1.89463024072909027E-012 -4.52388270143072181E-011
         498   0.0000000000000000        0.0000000000000000     
  4.00487562327588186E-012 -3.86268026266548621E-012
  5.04963618562662924E-011 -8.96010763479052964E-012
         499   0.0000000000000000        0.0000000000000000     
  5.00443201428251632E-012 -3.50641722802952752E-012
 -1.17266556230133468E-011 -7.08357239410422136E-012
         500   0.0000000000000000        0.0000000000000000     
  4.72995303546135541E-012 -5.29209327975783887E-012
  5.09937504953990405E-011 -2.81714696911602762E-011
         501   0.0000000000000000        0.0000000000000000     
  2.96196402405854359E-012 -7.90061983484850266E-012
 -2.10053177046618820E-011  1.71263461111435957E-012
         502   0.0000000000000000        0.0000000000000000     
 -9.58789284072556725E-013 -7.81227612538644329E-012
  1.02102359956429021E-011 -7.27808977840473705E-011
         503   0.0000000000000000        0.0000000000000000     
 -1.70485215395863961E-012 -5.58893209924542639E-012
  1.21832217440096376E-011  4.18264148637889224E-011
         504   0.0000000000000000        0.0000000000000000     
 -1.82593206703268324E-012 -4.18601230334374431E-012
 -6.84288691023260445E-011 -6.81900015794895270E-011
         505   0.0000000000000000        0.0000000000000000     
 -1.39548371170164666E-012 -6.26395027270085021E-012
  9.33229417758334717E-011  3.44250349659316327E-012
         506   0.0000000000000000        0.0000000000000000     
 -3.85571609916110055E-012 -5.35749059604866118E-012
 -1.23912275784794576E-010  1.11233301607044241E-011
         507   0.0000000000000000        0.0000000000000000     
 -6.72833786710040977E-012 -5.03969249017173373E-012
  5.34339820189344369E-011 -9.43306454090489842E-011
         508   0.0000000000000000        0.0000000000000000     
 -5.59193561339841184E-012 -1.65179852872275366E-012
 -4.54597231060968533E-011  8.44121458487370426E-011
         509   0.0000000000000000        0.0000000000000000     
 -6.75976009779942807E-012 -6.12051524633249477E-013
 -4.13093728254130601E-011 -8.37284722461453770E-011
         510   0.0000000000000000        0.0000000000000000     
 -4.80432998218071610E-012 -5.51213577949536712E-013
  3.87714524355672838E-011  5.73520856340053527E-011
         511   0.0000000000000000        0.0000000000000000     
 -5.98336205886085610E-012  1.04624843634641547E-012
 -9.38438116910650236E-011 -1.92583562366408386E-011
         512   0.0000000000000000        0.0000000000000000     
 -6.37599695125958620E-012  7.81846219648346099E-013
  4.48652056179150914E-011  7.18569507872814695E-014
