 VERSION172
   4096.0000000000000     
        4096
  1.12430912743849876E-003   42.500000000000000       -71.700000000000003     
  -5.7699999999999996        110.33000000000000        5728.0000000000000     
           0   0.0000000000000000        0.0000000000000000     
   0.0000000000000000        0.0000000000000000     
   0.0000000000000000        0.0000000000000000     
           1   0.0000000000000000        0.0000000000000000     
  1.81182880790332220E-011 -2.65023433792573551E-011
  1.29156913202735843E-011 -5.16565147283998055E-011
           2   0.0000000000000000        0.0000000000000000     
 -3.63247608029110413E-011  2.17180106329392034E-011
 -1.06021332073657118E-010  1.19459216792973166E-011
           3   0.0000000000000000        0.0000000000000000     
  2.47754799240278347E-011 -5.81092857538631692E-011
  4.15883946910389741E-011  2.46496054363265641E-012
           4   0.0000000000000000        0.0000000000000000     
  4.60486926347846573E-011  3.13040158220909077E-011
 -1.70891891410540676E-010  5.85905040049142880E-011
           5   0.0000000000000000        0.0000000000000000     
 -2.67498966815983493E-011  5.92181414783352286E-012
 -2.97630732175487524E-011 -1.51959340459340934E-010
           6   0.0000000000000000        0.0000000000000000     
 -3.52648445306227986E-012 -3.20072951968237723E-011
  1.19729980699294869E-010  1.32447013425553429E-011
           7   0.0000000000000000        0.0000000000000000     
  1.92423282488943966E-011 -1.54457059359206946E-011
  2.66668099691382730E-011  9.83728455712082403E-011
           8   0.0000000000000000        0.0000000000000000     
  1.68859580800061356E-011  2.35081873857975136E-012
 -1.43122209377806003E-010  2.69372924200305744E-010
           9   0.0000000000000000        0.0000000000000000     
 -4.30002520112828229E-012  5.56019920443104339E-012
 -1.49468175724265245E-010 -1.06223822958146612E-010
          10   0.0000000000000000        0.0000000000000000     
 -1.07641370913049058E-011  1.15954358939526079E-011
  7.88375262878074542E-011 -6.98892194480143568E-011
          11   0.0000000000000000        0.0000000000000000     
 -2.43874437210158582E-011 -4.83530239429531617E-012
  2.93858574247438748E-011 -1.36834768968580411E-010
          12   0.0000000000000000        0.0000000000000000     
 -1.05258000103233306E-011 -1.86356824578086724E-011
  2.32951373697567710E-010 -1.60531651393926288E-011
          13   0.0000000000000000        0.0000000000000000     
  5.43004711590871621E-012 -3.17868404575094592E-012
  7.17288453369409780E-011  1.84798981788106821E-010
          14   0.0000000000000000        0.0000000000000000     
 -1.96996711382983764E-011 -1.59808080884051223E-011
  3.34407251948411604E-011 -4.36541824698169290E-011
          15   0.0000000000000000        0.0000000000000000     
  2.42419093460355015E-011 -1.12924216483741016E-011
  1.03310786578673718E-010  3.84453017775425141E-010
          16   0.0000000000000000        0.0000000000000000     
 -1.57112142763372058E-011  2.06873559586374576E-011
 -4.49580349318467872E-010 -1.07496426807997902E-010
          17   0.0000000000000000        0.0000000000000000     
 -2.46844321720687232E-012 -1.78080889204021510E-011
  1.39028839937883117E-010 -2.01424557391843031E-010
          18   0.0000000000000000        0.0000000000000000     
  1.49664246146360677E-011  1.89818946845227046E-011
 -1.22831400916060379E-010  1.10370108016798591E-010
          19   0.0000000000000000        0.0000000000000000     
 -2.33916620725099797E-011  1.57478178776137310E-011
 -1.49944158032973110E-010 -2.92890701019853595E-010
          20   0.0000000000000000        0.0000000000000000     
 -1.97306133250365094E-011 -2.06584479392977501E-011
  3.23201167464174819E-010 -6.34884334685530576E-011
          21   0.0000000000000000        0.0000000000000000     
  1.47173060019642992E-012 -5.30755274196625863E-012
  2.11070710547009741E-010  2.10269348495258753E-010
          22   0.0000000000000000        0.0000000000000000     
  9.93966080101589385E-012  1.92371551167800264E-011
 -1.56447195137084562E-010  2.66037712782577345E-010
          23   0.0000000000000000        0.0000000000000000     
 -1.47360049272176347E-011  1.79751317484705638E-011
 -9.94958380059828103E-011 -4.08924671081592045E-010
          24   0.0000000000000000        0.0000000000000000     
 -4.94951923149680906E-012 -2.07037650717177666E-011
  5.42722155134206485E-010  1.31702810274410837E-010
          25   0.0000000000000000        0.0000000000000000     
  2.62802601327082338E-011 -2.70271222540499051E-012
 -1.24275595716243472E-010  3.16734172254549795E-010
          26   0.0000000000000000        0.0000000000000000     
  1.00925982897936622E-011  2.19941060622080259E-011
 -2.56681166864168097E-010  1.09855750160037229E-010
          27   0.0000000000000000        0.0000000000000000     
 -2.32615244613801321E-012  1.37612172104395373E-011
 -4.16320712584712223E-010  1.59465227885856764E-011
          28   0.0000000000000000        0.0000000000000000     
 -8.13212056141921846E-012 -2.31133926474988856E-012
 -4.01492828504876193E-011 -6.07996158824755978E-010
          29   0.0000000000000000        0.0000000000000000     
  1.10746168317654881E-011 -3.79875435972465581E-012
  6.27140338122401373E-010  1.59722447574325137E-010
          30   0.0000000000000000        0.0000000000000000     
 -2.01486236304675822E-012 -4.89596861488966279E-012
 -2.03911305205503660E-010  2.42647175899896523E-010
          31   0.0000000000000000        0.0000000000000000     
  1.74377214480225615E-011 -1.11330036128747803E-011
  5.70746846200116893E-011  2.34324582977521562E-010
          32   0.0000000000000000        0.0000000000000000     
  4.57808370136289551E-012  1.55000368543639546E-011
 -4.15450455277368660E-010  2.42344545321497284E-010
          33   0.0000000000000000        0.0000000000000000     
 -3.96077718411941381E-012 -3.24632558828948759E-012
 -2.10710123986117954E-010 -3.45607032365414327E-010
          34   0.0000000000000000        0.0000000000000000     
  1.28187017510848515E-011 -5.60344635292023779E-012
  7.63267595835627063E-011 -5.67354152290724184E-011
          35   0.0000000000000000        0.0000000000000000     
 -9.50200736047460092E-012 -6.07089964995081800E-012
  2.03925519919684652E-010 -1.54719100385158642E-010
          36   0.0000000000000000        0.0000000000000000     
  1.18440381795027208E-011 -1.64926430595050759E-011
  3.10547606181718143E-010  4.95618288206245114E-010
          37   0.0000000000000000        0.0000000000000000     
  3.31621551665619122E-012  1.82577744083074441E-011
 -4.86177500139378795E-010 -3.07655254580787148E-010
          38   0.0000000000000000        0.0000000000000000     
 -3.47553710548507775E-012 -1.83744642977622847E-011
  8.02868425890273146E-010 -3.91687547285489956E-011
          39   0.0000000000000000        0.0000000000000000     
  2.50231846102082499E-011  3.12602937994039538E-012
 -3.56235934283852398E-010  7.92028352667964975E-010
          40   0.0000000000000000        0.0000000000000000     
 -2.39027732995879682E-011  1.72643369612961737E-011
 -4.45246693988944271E-010 -7.08345337111227492E-010
          41   0.0000000000000000        0.0000000000000000     
 -1.93817653118636568E-011 -1.97404651448415690E-011
  6.90998109425807356E-010 -3.64950581422453453E-012
          42   0.0000000000000000        0.0000000000000000     
  3.06718602921615908E-012 -7.15672234598074472E-012
 -2.03418545882350936E-010  2.30907000136049556E-010
          43   0.0000000000000000        0.0000000000000000     
  2.36682559007047082E-012  1.86154522337950143E-012
  4.66567821491530495E-010  1.10538986375545126E-010
          44   0.0000000000000000        0.0000000000000000     
 -6.14617350543064495E-012  5.32647826319265466E-012
 -3.75222945927549530E-010  4.17892905758026614E-010
          45   0.0000000000000000        0.0000000000000000     
 -7.19296721609027304E-012 -5.59322548607842752E-013
  7.08719120400918435E-011 -4.60188026346729220E-010
          46   0.0000000000000000        0.0000000000000000     
 -5.93853935928416966E-012  2.81850482143308988E-012
  2.51265622020643554E-010  2.58460888024567730E-010
          47   0.0000000000000000        0.0000000000000000     
 -1.35798240024386868E-011 -4.96651389888570031E-012
 -1.63489461365311485E-010 -1.95982737041832696E-011
          48   0.0000000000000000        0.0000000000000000     
  1.32281019637706674E-011 -5.82034344340152450E-013
  1.51587685370895578E-010  3.73670140220762632E-010
          49   0.0000000000000000        0.0000000000000000     
 -6.79024048396451721E-012  2.78809632337146267E-011
 -8.56795305595618587E-010 -3.18952785426802830E-010
          50   0.0000000000000000        0.0000000000000000     
 -1.27520387128812155E-011 -1.30509492619836287E-011
  5.42720868183006910E-010 -5.43405697902439810E-010
          51   0.0000000000000000        0.0000000000000000     
 -2.21256528578523262E-012  8.95915423703777635E-012
 -3.29031027231696965E-010  2.37649300459041488E-010
          52   0.0000000000000000        0.0000000000000000     
 -1.76855278907184415E-011 -8.05734778416993900E-012
  4.56064566068834028E-010 -7.62336567959472296E-010
          53   0.0000000000000000        0.0000000000000000     
  2.89428034996051330E-011 -4.32096188637609992E-013
  4.30773794370330785E-010  8.69310203654645589E-010
          54   0.0000000000000000        0.0000000000000000     
  2.30177944396385627E-012  2.32563027009580469E-011
 -1.10733020975035011E-009 -3.81219146527341212E-011
          55   0.0000000000000000        0.0000000000000000     
 -6.52961008911166907E-012 -7.32807483381597127E-012
  4.20662962550409820E-010 -4.20334463510498633E-010
          56   0.0000000000000000        0.0000000000000000     
  9.87159322437883440E-012  1.34632215594654582E-011
 -3.70241147315225893E-010  3.46880865057784637E-010
          57   0.0000000000000000        0.0000000000000000     
 -1.11269534502869108E-011  1.23637489106039343E-011
 -1.04602042932864925E-010 -4.86283875165918880E-010
          58   0.0000000000000000        0.0000000000000000     
  1.22986504977231173E-012 -6.67651377845834960E-012
  1.23821608263426280E-010 -1.49510599835558581E-010
          59   0.0000000000000000        0.0000000000000000     
  5.11080689630811878E-012 -6.10138718227538276E-012
  4.55589270669902849E-010 -4.44519739958532995E-011
          60   0.0000000000000000        0.0000000000000000     
  1.57050502095018129E-011 -8.00780590468150788E-012
  6.91610179511893416E-011  6.10497232706375605E-010
          61   0.0000000000000000        0.0000000000000000     
  9.32778905645794448E-012  6.95892785390819826E-012
 -8.02847111618879750E-010  5.82148184272771624E-012
          62   0.0000000000000000        0.0000000000000000     
 -2.74124011868074746E-012 -4.99322697416131357E-012
  1.60446109639151262E-010 -3.03301142395212966E-010
          63   0.0000000000000000        0.0000000000000000     
  6.86596285272846695E-012 -1.51349357088043203E-012
 -4.35472744254930374E-010  2.69649158229589445E-010
          64   0.0000000000000000        0.0000000000000000     
  7.84577183186294492E-012 -4.10053124868061583E-012
  1.82928062157187388E-010 -4.86208113716668052E-010
          65   0.0000000000000000        0.0000000000000000     
  9.41836107985965831E-012  1.37695834647536552E-012
  3.97078926595444827E-011  6.57083508266262515E-010
          66   0.0000000000000000        0.0000000000000000     
 -1.13868429906868208E-011 -3.14996058636931759E-012
 -6.45758784824803474E-010 -4.31747931692933396E-010
          67   0.0000000000000000        0.0000000000000000     
 -4.89872334284246944E-012 -1.23986804761776004E-011
  7.05520770343987584E-010 -2.52066096912384361E-010
          68   0.0000000000000000        0.0000000000000000     
  2.22026957185105826E-012 -5.65040529265557569E-012
 -2.63392646834379562E-010  6.88736506176980698E-010
          69   0.0000000000000000        0.0000000000000000     
  6.74650551665905395E-012 -1.52460834347198076E-011
 -2.41301085088578018E-011 -2.15392562371318674E-010
          70   0.0000000000000000        0.0000000000000000     
  1.27745075483880294E-011  2.51175736990360968E-012
 -2.08066176052450774E-010  2.58134316844460831E-010
          71   0.0000000000000000        0.0000000000000000     
 -1.72740474245984345E-011  2.92933101028749641E-012
 -1.93184381543806798E-011 -3.51295302205977181E-010
          72   0.0000000000000000        0.0000000000000000     
  1.76885657178173977E-013 -4.74303525946247894E-012
 -1.12102058025440642E-010  1.52121987667275883E-011
          73   0.0000000000000000        0.0000000000000000     
 -8.55978668223887193E-012  7.03829163714867970E-012
  1.74648160351429218E-010 -7.29342123615019903E-010
          74   0.0000000000000000        0.0000000000000000     
 -5.45222846234578696E-012 -1.27728260921872561E-011
  8.61952633530177867E-010  2.82222147584914573E-010
          75   0.0000000000000000        0.0000000000000000     
  2.26267282366569719E-012  1.73590050046044677E-012
 -5.59193885547039817E-010  3.61393615406363596E-010
          76   0.0000000000000000        0.0000000000000000     
 -1.09812836149997442E-011 -1.47884110043422844E-012
  6.76656099596872718E-010 -6.92381365634237656E-010
          77   0.0000000000000000        0.0000000000000000     
  5.30651123871684335E-012 -1.33540101788109536E-012
  2.63379236443420738E-010  1.13128239477001118E-009
          78   0.0000000000000000        0.0000000000000000     
 -3.81481344448908360E-012  1.91427694928673514E-011
 -8.49754990889441345E-010 -3.23989047737346791E-010
          79   0.0000000000000000        0.0000000000000000     
 -1.63039152566410110E-011  8.52606936491237923E-012
  3.61744811772130141E-010 -5.18383408274246899E-010
          80   0.0000000000000000        0.0000000000000000     
 -1.65183211935392167E-012 -7.68322906233684875E-012
  9.66007400691966263E-011 -1.67328597010926193E-010
          81   0.0000000000000000        0.0000000000000000     
  3.14962543686947670E-012  8.91686390732043903E-013
  6.41265074929290410E-010 -2.51707370266653377E-010
          82   0.0000000000000000        0.0000000000000000     
 -5.49975628219690376E-012  1.05506226844412909E-011
  9.68183957581881844E-011  6.99416823345123205E-010
          83   0.0000000000000000        0.0000000000000000     
  1.54478050944936492E-013  3.72599459602806064E-012
 -1.50518483225008375E-010  7.33831552162138888E-012
          84   0.0000000000000000        0.0000000000000000     
  1.39550279698117029E-011  1.66991936397053230E-011
 -6.93337377731648061E-010  2.33867750662799038E-010
          85   0.0000000000000000        0.0000000000000000     
 -1.58062948704135800E-011  2.32497263465773254E-012
 -1.49706904127684041E-011 -1.21560392653985940E-009
          86   0.0000000000000000        0.0000000000000000     
  1.18029108411955226E-011 -1.19789275876265865E-011
  8.18127800038238045E-010  6.12833092993731406E-010
          87   0.0000000000000000        0.0000000000000000     
  3.14453993789692210E-012  1.72262876948494735E-011
 -1.06420014037335387E-009  5.55130593675443273E-011
          88   0.0000000000000000        0.0000000000000000     
 -1.07593221267418807E-012 -5.46625196121602018E-012
  7.15121190775135581E-010 -7.32840482129044912E-010
          89   0.0000000000000000        0.0000000000000000     
  1.84817745664652778E-011  4.26511177487274020E-012
 -4.39966665449067373E-010  1.04707976451892825E-009
          90   0.0000000000000000        0.0000000000000000     
 -5.81730127912319182E-012  4.30073637535611825E-012
 -4.50603136029167656E-010 -1.34200734495907200E-009
          91   0.0000000000000000        0.0000000000000000     
  1.10321265628221826E-011 -1.18689878023316871E-011
  1.12453887872672347E-009  5.19181921684541460E-010
          92   0.0000000000000000        0.0000000000000000     
  6.87157553625552448E-012  9.35974865558013053E-012
 -7.43082681219167679E-010  4.05330768633554448E-010
          93   0.0000000000000000        0.0000000000000000     
 -5.86891330305898758E-012 -5.25487356842615035E-012
  2.56529734977502084E-010 -3.74893225585811098E-010
          94   0.0000000000000000        0.0000000000000000     
  1.16983109296001749E-011 -3.64342165711907823E-012
 -1.70024846791577251E-010  5.65318395758618975E-010
          95   0.0000000000000000        0.0000000000000000     
  1.21527689888370086E-012 -6.92325623936039784E-013
 -1.74122679562813654E-010 -3.79798022595480219E-010
          96   0.0000000000000000        0.0000000000000000     
  2.57884398783942943E-012 -1.11035536579937946E-011
  7.36989591857050443E-012  5.11311408877683971E-010
          97   0.0000000000000000        0.0000000000000000     
 -8.71009372021828358E-012 -9.00141316017706269E-012
 -1.94645329463645338E-010 -7.29098521113317812E-010
          98   0.0000000000000000        0.0000000000000000     
  4.69243030858186820E-012 -8.68025157043066399E-012
  9.88374747727941688E-010  6.91597562808642406E-010
          99   0.0000000000000000        0.0000000000000000     
 -7.49520673751854236E-013  1.25461099852423488E-012
 -8.91147772427111866E-010  4.91257288413995576E-010
         100   0.0000000000000000        0.0000000000000000     
  6.09042270869169879E-013 -1.41351989457241370E-011
  5.94562247877727162E-010 -3.61249793813071131E-010
         101   0.0000000000000000        0.0000000000000000     
  1.69012438707359484E-012 -2.81560875585097870E-013
 -5.06984184441539112E-010  1.19273128348897047E-009
         102   0.0000000000000000        0.0000000000000000     
 -1.95390939214846641E-011  8.07859296956879926E-013
 -5.30797376916441365E-010 -1.43640237056930409E-009
         103   0.0000000000000000        0.0000000000000000     
 -8.33533602750187767E-013 -1.07733236490924064E-011
  1.34323953390563416E-009  5.66513142066246887E-010
         104   0.0000000000000000        0.0000000000000000     
 -4.38899145039667742E-012  3.42914949760700879E-012
 -8.22651705396858400E-010  3.85036396282279322E-010
         105   0.0000000000000000        0.0000000000000000     
 -1.47548533754219786E-012 -7.02153108999823014E-012
  2.40517109160088159E-010 -3.12036143525230523E-010
         106   0.0000000000000000        0.0000000000000000     
 -5.11777115410706985E-012  7.61217027667758693E-012
 -1.09038189485324418E-010  4.91312854929527812E-011
         107   0.0000000000000000        0.0000000000000000     
 -1.21393801923109301E-011 -7.56593441939159668E-012
  2.16799289681237428E-010 -3.62229408089853599E-010
         108   0.0000000000000000        0.0000000000000000     
  6.62152814702371338E-012  3.48739781659401070E-012
  6.96444147286796802E-011  2.77910099439549831E-010
         109   0.0000000000000000        0.0000000000000000     
 -9.62529070286446555E-012  1.62117995288809915E-011
  3.90764475402092788E-011 -6.29368244834788672E-010
         110   0.0000000000000000        0.0000000000000000     
  2.52570164844232174E-012 -3.16475373052810210E-012
  5.18376120917923987E-010  6.70694176252619220E-010
         111   0.0000000000000000        0.0000000000000000     
  2.19413382325646225E-012  1.04601427980547930E-011
 -1.08346540520095576E-009 -3.13091590795261782E-010
         112   0.0000000000000000        0.0000000000000000     
 -1.16134266225876511E-011  3.12054772312571492E-012
  9.81753586886750165E-010 -8.30920113197832928E-010
         113   0.0000000000000000        0.0000000000000000     
  2.04434551182694650E-012  4.03066329018245463E-012
  1.90194673962798135E-010  8.59902354323039878E-010
         114   0.0000000000000000        0.0000000000000000     
  3.11730533717080949E-012  1.08993083695361132E-011
 -4.06501400296334015E-010 -7.53217067897693990E-010
         115   0.0000000000000000        0.0000000000000000     
  5.67586795883576655E-012 -4.74271220343414104E-012
  9.89794837642991241E-010  5.00035204030487354E-010
         116   0.0000000000000000        0.0000000000000000     
  8.55158324793909895E-012  5.76096450586565475E-012
 -1.04372099371441634E-009  2.86832180866371523E-010
         117   0.0000000000000000        0.0000000000000000     
  2.76266128016849487E-012  4.87744921621680515E-012
  3.15179644131434830E-010 -6.33610733032483098E-010
         118   0.0000000000000000        0.0000000000000000     
  1.10678838925122219E-012  1.06309180346671021E-011
 -2.99478648246580852E-011  2.03421974306145874E-010
         119   0.0000000000000000        0.0000000000000000     
  5.14009040789331040E-012 -1.11922032015554317E-012
  7.06696695037063570E-011 -1.45272902332213662E-010
         120   0.0000000000000000        0.0000000000000000     
  7.45345931724255001E-012  5.45420129232084280E-012
 -2.00579552579827457E-011  1.50930904768811124E-010
         121   0.0000000000000000        0.0000000000000000     
 -1.01975957974445581E-012 -5.38003325158377209E-012
  1.32804831305487494E-010 -1.17066207707070760E-010
         122   0.0000000000000000        0.0000000000000000     
  1.47767449591989782E-011 -6.28530414412506548E-012
 -1.20482254936041565E-010  8.47696302519995643E-010
         123   0.0000000000000000        0.0000000000000000     
 -1.66049990188839678E-012  7.65633187880877315E-012
 -1.02652796808581868E-009 -7.69225384068875827E-010
         124   0.0000000000000000        0.0000000000000000     
  3.62260926560777525E-013 -1.32676343026855511E-011
  1.26592731964351705E-009 -1.37433225538795237E-010
         125   0.0000000000000000        0.0000000000000000     
  1.87696710105248532E-011 -1.31848856638481139E-013
 -7.55687706413849586E-010  1.03974179885419161E-009
         126   0.0000000000000000        0.0000000000000000     
 -1.60396276200093639E-012 -1.38901967059233684E-013
 -3.98916454745470457E-010 -9.60334330346275161E-010
         127   0.0000000000000000        0.0000000000000000     
 -2.66973663417067515E-012 -1.67415572984804879E-011
  7.33984728843592571E-010  2.74396584185510965E-010
         128   0.0000000000000000        0.0000000000000000     
  2.55758721346890700E-012  9.79438076474997342E-013
 -5.97853894982104402E-010  9.84044223192511822E-011
         129   0.0000000000000000        0.0000000000000000     
 -3.28258024616372865E-012 -2.48364228934139150E-012
  5.29294937345158574E-010 -3.10649355098694154E-010
         130   0.0000000000000000        0.0000000000000000     
  1.07308011310301807E-012 -4.09245898082877416E-012
 -1.46839784238282518E-010  2.90608493341936944E-010
         131   0.0000000000000000        0.0000000000000000     
 -3.28406610217127916E-012 -9.21412514293729895E-012
  3.92873853791814845E-010  1.06251930575778505E-011
         132   0.0000000000000000        0.0000000000000000     
 -7.04407176513742590E-012 -9.56420478560977953E-013
 -3.52850620865858490E-010  4.42218346564990997E-010
         133   0.0000000000000000        0.0000000000000000     
 -6.49666089834398040E-012 -2.72487628981057422E-012
  2.27847740546654335E-010 -6.69277384318055990E-010
         134   0.0000000000000000        0.0000000000000000     
 -2.56200881177475812E-012  3.52941991066517978E-012
  4.65610413282029047E-010  8.92452257508389090E-010
         135   0.0000000000000000        0.0000000000000000     
 -1.40205498992097852E-011  2.21438369630472997E-012
 -9.48934433675843027E-010 -6.30687879718805728E-010
         136   0.0000000000000000        0.0000000000000000     
 -3.49588331442452348E-012 -1.09024205063589952E-011
  1.64939174187401875E-009 -7.37156906876449611E-011
         137   0.0000000000000000        0.0000000000000000     
 -1.68609060701683004E-012  1.00626420691608380E-011
 -1.10341786885683756E-009  1.05588669386187498E-009
         138   0.0000000000000000        0.0000000000000000     
 -1.62780367271394745E-011 -1.42594389674223005E-012
  4.99833352185867526E-010 -1.25787505029994962E-009
         139   0.0000000000000000        0.0000000000000000     
  1.43877073429063107E-012  6.47774907870838984E-012
  5.02403607409398426E-010  1.33127081193013806E-009
         140   0.0000000000000000        0.0000000000000000     
 -6.92724095729551734E-012  1.36954297075526325E-011
 -1.14056036181110946E-009 -3.52008492594016741E-010
         141   0.0000000000000000        0.0000000000000000     
  3.91186984282858470E-013 -2.16067481936274098E-012
  6.19986187835055991E-010 -2.82643796093424893E-010
         142   0.0000000000000000        0.0000000000000000     
 -3.38656930086306217E-012  8.78915779052963948E-012
 -4.87888556357023846E-010  1.45333511544655648E-010
         143   0.0000000000000000        0.0000000000000000     
 -4.84552381787063039E-012 -2.54132006145261078E-012
  7.07395708275064113E-010 -3.58540433583623402E-010
         144   0.0000000000000000        0.0000000000000000     
  1.30045563032977821E-011  1.64729544658093442E-011
 -6.37138041123884498E-010  7.28652015795921191E-010
         145   0.0000000000000000        0.0000000000000000     
 -3.62487724817690749E-012  1.04104457565728950E-011
 -1.06582649322431312E-010 -1.23973745787105792E-009
         146   0.0000000000000000        0.0000000000000000     
  5.98311233030029798E-012 -7.12436868509254890E-012
  8.44053788909164381E-010  7.12524207443241362E-010
         147   0.0000000000000000        0.0000000000000000     
  8.71648255717287920E-012  8.82151140677116806E-012
 -1.25731472114972874E-009 -8.63492339118321642E-011
         148   0.0000000000000000        0.0000000000000000     
 -3.75140580444432558E-012  1.65208645019287006E-012
  1.13168795777015377E-009 -8.08874808924789635E-010
         149   0.0000000000000000        0.0000000000000000     
  1.36930494820556279E-011  1.08191393766026830E-012
 -6.69012833019504582E-010  1.33421920265550074E-009
         150   0.0000000000000000        0.0000000000000000     
  5.03874763112815985E-012  2.98548578158561705E-012
 -4.42321886896810603E-010 -1.43668382753162062E-009
         151   0.0000000000000000        0.0000000000000000     
  9.13949820074579355E-012 -1.69645521098024938E-012
  7.04293185951596101E-010  7.44249743125902889E-010
         152   0.0000000000000000        0.0000000000000000     
  1.84809054275072075E-012 -5.21325475858663856E-012
 -9.94686522869632453E-010 -3.25983064121263495E-010
         153   0.0000000000000000        0.0000000000000000     
  6.13963140425681256E-012 -1.03625225071941198E-011
  9.69115577546967580E-010 -3.51518688245598774E-010
         154   0.0000000000000000        0.0000000000000000     
  4.11943728150373595E-012  2.27564881324697279E-012
 -4.11317634752940841E-010  8.56720845126137346E-010
         155   0.0000000000000000        0.0000000000000000     
  1.86618083523518202E-012 -6.46259236588034020E-012
 -4.95091545650531656E-012 -6.49578240564261216E-010
         156   0.0000000000000000        0.0000000000000000     
  8.63012857278185469E-012 -3.88677567551710870E-012
  8.81567855466456242E-011  5.76416095649441147E-010
         157   0.0000000000000000        0.0000000000000000     
 -6.46525962236122765E-012 -1.09273282635636410E-011
 -3.59341887639465059E-011 -1.55407873303276404E-010
         158   0.0000000000000000        0.0000000000000000     
  1.23200321045275953E-012 -5.77855368369492067E-012
 -1.95880294534900894E-010  8.08245924719825468E-010
         159   0.0000000000000000        0.0000000000000000     
 -7.82055259505613143E-012  3.58970715690866744E-012
 -8.82207769487075941E-010 -7.49101199446406892E-010
         160   0.0000000000000000        0.0000000000000000     
 -5.58662298209479918E-012 -1.37936202697503759E-011
  1.16165312713424797E-009 -3.56709973496852606E-010
         161   0.0000000000000000        0.0000000000000000     
  9.16268405947776014E-012 -5.70225811347932984E-012
 -4.08639756088113539E-010  1.29755093428796154E-009
         162   0.0000000000000000        0.0000000000000000     
 -1.45296363607108764E-011 -7.88550856993919408E-013
 -4.08803600475053222E-010 -9.10411123423848918E-010
         163   0.0000000000000000        0.0000000000000000     
 -5.11698895768201442E-012 -1.04221730146902740E-011
  7.61461601728397786E-010  7.15329001827915548E-010
         164   0.0000000000000000        0.0000000000000000     
 -2.08549189645707893E-012  2.26657254606674686E-012
 -8.87151593512382105E-010  6.40263423219254393E-011
         165   0.0000000000000000        0.0000000000000000     
 -5.69082313920528531E-012  2.09439271020535158E-012
  3.52782638152277417E-010 -5.15123873397299689E-010
         166   0.0000000000000000        0.0000000000000000     
 -5.14298858646838589E-012  2.26496428661060325E-012
  8.20945658952615477E-012  2.10795313346315074E-010
         167   0.0000000000000000        0.0000000000000000     
 -6.64665519494021771E-012  1.56301553768380877E-012
  6.68665469087622252E-011 -3.32401169997817226E-010
         168   0.0000000000000000        0.0000000000000000     
 -6.89403535374001769E-012  2.30658287856657550E-012
 -1.32897380070579298E-012  2.50112575806194029E-010
         169   0.0000000000000000        0.0000000000000000     
 -7.83026622270903419E-012  4.08547193074174079E-012
  1.51074567905439997E-011 -5.87649895494414000E-010
         170   0.0000000000000000        0.0000000000000000     
  1.87768036716457239E-012  9.71076384633788676E-012
  1.80598620984578175E-010  3.70717626585265335E-010
         171   0.0000000000000000        0.0000000000000000     
 -1.14272934143463760E-012  5.55508368984075948E-012
 -2.09394092502523800E-010 -6.39236058975493366E-010
         172   0.0000000000000000        0.0000000000000000     
  5.64459607980561054E-012  2.54519644547030178E-014
  7.61375754984756946E-010  4.91215544413194963E-010
         173   0.0000000000000000        0.0000000000000000     
 -3.68035413843730815E-013  1.43830903061583920E-011
 -1.05618151594409576E-009  2.24959032839499996E-010
         174   0.0000000000000000        0.0000000000000000     
 -8.40305440077580529E-012  6.01343488624973160E-012
  4.10758590685070065E-010 -1.27475163297534094E-009
         175   0.0000000000000000        0.0000000000000000     
  1.33486418066309777E-011  3.51590758162042073E-012
  5.42595483619521808E-010  8.54555271204212757E-010
         176   0.0000000000000000        0.0000000000000000     
  2.97321850386980058E-012  7.99725620966773563E-012
 -8.23896860648940758E-010 -4.87018428175306752E-010
         177   0.0000000000000000        0.0000000000000000     
  4.60129224800956612E-012 -3.09516546271700550E-012
  7.37549867446346978E-010 -8.68309700414572744E-011
         178   0.0000000000000000        0.0000000000000000     
  6.03984051644281267E-012  4.10316421525376955E-012
 -3.78570747216857149E-010  2.97316791768190359E-010
         179   0.0000000000000000        0.0000000000000000     
  3.61149042707327432E-012  1.82094299738395339E-013
  1.69091732669802030E-010 -1.26460520034719263E-010
         180   0.0000000000000000        0.0000000000000000     
  1.08153209754098831E-011 -5.43142901448548353E-013
 -5.37014611063015648E-010  5.24280910418974315E-010
         181   0.0000000000000000        0.0000000000000000     
  4.17161698736029314E-012  1.42167926213924347E-012
 -1.44240475575765483E-010 -9.24913429068787199E-010
         182   0.0000000000000000        0.0000000000000000     
  8.85276668873885499E-012 -8.64605656153252831E-012
  4.99000176988856301E-010  1.01986470457982534E-009
         183   0.0000000000000000        0.0000000000000000     
  2.46140519857086067E-012 -1.54834004149773650E-012
 -1.23595417051485440E-009 -6.05543059063262875E-010
         184   0.0000000000000000        0.0000000000000000     
 -2.14964359771429698E-012 -6.73958696718500662E-012
  1.31669240296472395E-009 -8.46940286051218890E-011
         185   0.0000000000000000        0.0000000000000000     
  3.16804672223314481E-012 -2.33773031238853191E-012
 -9.95362964200376121E-010  6.85416831455412335E-010
         186   0.0000000000000000        0.0000000000000000     
  3.53123477130714305E-012 -7.11060590442160772E-012
  4.14979623690659202E-010 -9.92993887032937533E-010
         187   0.0000000000000000        0.0000000000000000     
  3.93270031624432329E-012 -6.05847543157364314E-012
  1.50466041365283147E-010  1.14203493008450712E-009
         188   0.0000000000000000        0.0000000000000000     
 -1.02108924394434105E-011 -7.56167716922122630E-012
 -7.36855507085262469E-010 -8.52974013315167819E-010
         189   0.0000000000000000        0.0000000000000000     
  1.76332256701153704E-012 -6.40665301215687685E-012
  1.08452079921196648E-009  3.00735906631461242E-010
         190   0.0000000000000000        0.0000000000000000     
 -4.61018948396221948E-012  3.05049160867435952E-012
 -8.61968705092080601E-010  2.25411275972288894E-010
         191   0.0000000000000000        0.0000000000000000     
 -2.82904578504766105E-012 -9.44530880452101055E-012
  4.64373413527175692E-010 -3.60253993241112442E-010
         192   0.0000000000000000        0.0000000000000000     
 -2.14794510994207962E-012 -1.87072257383463601E-012
 -2.93997570298597724E-010  2.85978726501941499E-010
         193   0.0000000000000000        0.0000000000000000     
 -1.17677034118877139E-011 -1.70330490295538145E-012
  4.06671045760511153E-010 -7.13479642319973250E-010
         194   0.0000000000000000        0.0000000000000000     
 -2.51860981256640285E-012 -2.84253752886239538E-012
  6.53632697262416479E-010  9.09357028608005633E-010
         195   0.0000000000000000        0.0000000000000000     
 -8.49002251456875695E-012  9.80203823458077652E-012
 -1.01472930339062207E-009 -3.71667666726489110E-010
         196   0.0000000000000000        0.0000000000000000     
 -7.93741810399971516E-012 -3.98253622154917207E-012
  1.33909045927121434E-009 -2.92660531893147882E-010
         197   0.0000000000000000        0.0000000000000000     
  4.12325363445094350E-012  5.19797794191040753E-012
 -9.40860185807435494E-010  1.18803996355925332E-009
         198   0.0000000000000000        0.0000000000000000     
 -1.13824016909688928E-011  5.31798066967174992E-012
 -1.63811406623406373E-010 -1.51530031157994068E-009
         199   0.0000000000000000        0.0000000000000000     
 -4.52060886544409474E-012 -1.39851621149911875E-012
  1.06826066255458978E-009  7.93842549466406060E-010
         200   0.0000000000000000        0.0000000000000000     
 -6.25174563212445107E-013  1.13426901133793088E-011
 -1.13129070871039357E-009 -1.69289238806464834E-010
         201   0.0000000000000000        0.0000000000000000     
  1.73144378970343988E-013  4.60713056568428014E-012
  1.08330127097183718E-009 -4.59634975334648612E-010
         202   0.0000000000000000        0.0000000000000000     
  1.82089452544127472E-012  3.47751647984694345E-012
 -6.48541675562855805E-010  8.38828932699168174E-010
         203   0.0000000000000000        0.0000000000000000     
 -6.05881565321953249E-013  1.26886446291380100E-012
  1.64806532391810239E-010 -7.92761828403102748E-010
         204   0.0000000000000000        0.0000000000000000     
  9.99199591156372757E-013  7.42190002252934815E-012
  1.08330669071392751E-010  5.10661160168680501E-010
         205   0.0000000000000000        0.0000000000000000     
  1.67679200950405130E-012  6.64549205760246571E-012
 -1.66079481831718384E-010 -3.17220598704579328E-010
         206   0.0000000000000000        0.0000000000000000     
  8.88019277365491540E-012  2.93603597089144699E-012
 -1.27722766943670332E-011  3.39552439946896652E-010
         207   0.0000000000000000        0.0000000000000000     
  2.90022266336180694E-012  3.95836056255581049E-012
 -6.09052320845998843E-010 -5.29273671423764865E-010
         208   0.0000000000000000        0.0000000000000000     
  5.54464822456047709E-012 -3.77003587970140703E-012
  8.07184698113374159E-010 -1.55325233167796821E-010
         209   0.0000000000000000        0.0000000000000000     
  6.70970591656226435E-012  5.45127465804296822E-012
 -7.27104789785570320E-010  4.01805997306975581E-010
         210   0.0000000000000000        0.0000000000000000     
  1.40850952840894676E-012 -3.01473817717741068E-012
  4.54119884228363618E-010 -9.41857298399099727E-010
         211   0.0000000000000000        0.0000000000000000     
  1.17367231454874776E-011 -1.93268017030419936E-012
  3.98255398003997993E-010  1.00939805920016297E-009
         212   0.0000000000000000        0.0000000000000000     
  4.65051682881957519E-012  7.54542934123602840E-013
 -9.49755107039071189E-010 -1.68638364252367465E-010
         213   0.0000000000000000        0.0000000000000000     
  2.86945159126140326E-012 -1.02403363305551990E-011
  6.24382668844818878E-010 -4.17867491103319931E-010
         214   0.0000000000000000        0.0000000000000000     
  3.54495003698336571E-012 -2.71097572357107718E-012
 -1.80408657619973233E-010  5.98909124189558714E-010
         215   0.0000000000000000        0.0000000000000000     
 -3.53782047168738907E-012 -2.17142106860465457E-012
  6.28003186105091248E-011 -4.31160240081822041E-010
         216   0.0000000000000000        0.0000000000000000     
  3.29563190042203745E-012 -6.22927135000137016E-012
 -1.03132409666621199E-011  3.90727997022647176E-010
         217   0.0000000000000000        0.0000000000000000     
  1.70021551377914074E-012 -6.90110915008615258E-012
  5.76850063198220064E-011 -3.54427485095007070E-010
         218   0.0000000000000000        0.0000000000000000     
 -1.99478870305560264E-012 -9.04739378161262969E-012
  2.55688064592582257E-010  5.22921001782092592E-010
         219   0.0000000000000000        0.0000000000000000     
 -4.65998439747426925E-012 -2.80807814555272930E-012
 -3.09327062310875183E-010 -1.90467757035232938E-010
         220   0.0000000000000000        0.0000000000000000     
 -2.88042871777476006E-012 -3.15819425723109611E-012
  5.93552149425498503E-010  1.84368519011757788E-010
         221   0.0000000000000000        0.0000000000000000     
 -2.45824057856626700E-012  1.63236326232783758E-014
 -7.26498373900784833E-010  4.34048605167384087E-010
         222   0.0000000000000000        0.0000000000000000     
 -5.93177069080957616E-012 -4.58270837721109158E-012
  3.46520272490539052E-010 -7.64710590183337015E-010
         223   0.0000000000000000        0.0000000000000000     
 -5.43818129444114565E-012 -4.54272821066219315E-013
  1.83300388016687226E-010  7.36230899999252257E-010
         224   0.0000000000000000        0.0000000000000000     
 -8.80624371754999819E-012 -1.77885809750924535E-012
 -3.02341507270433606E-010 -4.61341959422670197E-010
         225   0.0000000000000000        0.0000000000000000     
 -2.75108604015023203E-012  7.20747639130155775E-013
  4.97763842273591619E-010  1.23671791830077843E-010
         226   0.0000000000000000        0.0000000000000000     
 -5.47457193584809010E-012  6.90889253503443340E-012
 -3.16983263466911147E-010  7.00641589218768544E-011
         227   0.0000000000000000        0.0000000000000000     
 -3.57322259616220698E-012 -1.02486604340964950E-012
  3.56497039172347178E-010 -2.41585689842214338E-010
         228   0.0000000000000000        0.0000000000000000     
  2.05484467449440527E-012  3.60270263729211220E-012
 -2.91627319814805902E-010  3.97097632454077521E-010
         229   0.0000000000000000        0.0000000000000000     
 -7.46855925832184874E-012  4.08711044895263243E-012
  2.27750357261586131E-010 -6.50104577876239307E-010
         230   0.0000000000000000        0.0000000000000000     
 -2.02701396299307066E-013  3.90221233040280360E-012
  7.06559789732024794E-011  7.65117633401343445E-010
         231   0.0000000000000000        0.0000000000000000     
 -9.84907292907762462E-013  1.12980148768150906E-011
 -5.92127690449828313E-010 -8.84298099772722150E-010
         232   0.0000000000000000        0.0000000000000000     
  9.82074338167067198E-013  3.43929420066761572E-013
  1.01849499567566499E-009  1.18259671375212885E-010
         233   0.0000000000000000        0.0000000000000000     
  3.45264412920181384E-012  4.27241843665675317E-012
 -7.56850346790342701E-010  3.62182809712529188E-010
         234   0.0000000000000000        0.0000000000000000     
 -1.99823599843819161E-012  3.13158701887838756E-012
  6.16384319354530916E-010 -7.54072604895190825E-010
         235   0.0000000000000000        0.0000000000000000     
  4.22319998650267424E-012  5.88003873655572096E-012
 -1.08207968597914862E-010  1.05149241489501978E-009
         236   0.0000000000000000        0.0000000000000000     
  4.19873322817786279E-012  5.50811263506826303E-012
 -5.06877070060030863E-010 -9.10714750085584362E-010
         237   0.0000000000000000        0.0000000000000000     
  5.90212615573592625E-012  1.27169022799518539E-012
  6.88611195597832599E-010  4.35011213891521384E-010
         238   0.0000000000000000        0.0000000000000000     
  3.83713528039778288E-012  3.02009086237397320E-013
 -6.13620685733691055E-010  6.82267186782355880E-011
         239   0.0000000000000000        0.0000000000000000     
  5.42065767717806421E-012 -1.50924815215817965E-012
  2.09003542561711721E-010 -8.95830995347759638E-011
         240   0.0000000000000000        0.0000000000000000     
  3.46520768984551042E-012  1.85723965397054456E-012
 -4.07540295447575582E-010  8.30763019390163259E-011
         241   0.0000000000000000        0.0000000000000000     
  1.91535312899742150E-012 -3.47441605796224286E-012
  4.15507318445818618E-010 -4.57450613706232040E-010
         242   0.0000000000000000        0.0000000000000000     
  8.89960321990282018E-012 -1.82486266595756395E-012
 -4.02917499892483705E-011  9.31943967408524922E-010
         243   0.0000000000000000        0.0000000000000000     
  8.14877365163997514E-013 -2.46491778368040981E-012
 -6.37808278415845815E-010 -6.41605088440478306E-010
         244   0.0000000000000000        0.0000000000000000     
  2.29241823622475511E-012 -1.01984861149953542E-011
  8.30689686345494978E-010  3.41845704295958621E-010
         245   0.0000000000000000        0.0000000000000000     
  1.83438257323692307E-012  2.84327297187315173E-013
 -1.00284618600831845E-009  3.94679673472519260E-010
         246   0.0000000000000000        0.0000000000000000     
 -2.62865138871046786E-012 -3.95697818036389037E-012
  4.23981464257746620E-010 -1.04077288607797458E-009
         247   0.0000000000000000        0.0000000000000000     
  5.94400512418110679E-012 -5.27831167396616046E-012
  3.54669388452378366E-010  1.15218597996037475E-009
         248   0.0000000000000000        0.0000000000000000     
 -1.93047238405950069E-012 -3.14770130761565475E-012
 -9.66074321024050391E-010 -6.47883295008098652E-010
         249   0.0000000000000000        0.0000000000000000     
 -4.04505686304709186E-012 -9.32756059891758796E-012
  1.04886007167942060E-009  9.99044111624222954E-011
         250   0.0000000000000000        0.0000000000000000     
 -1.91856747226371857E-012  3.01962361919853675E-013
 -8.09106771798140617E-010  3.18515341626384762E-010
         251   0.0000000000000000        0.0000000000000000     
 -6.17389219262176393E-012 -2.94806668479738857E-012
  5.56486238681085131E-010 -6.51615043647846339E-010
         252   0.0000000000000000        0.0000000000000000     
 -4.44639465907258780E-013 -4.01392257566323345E-012
  8.52980730647932751E-011  7.53827747332317066E-010
         253   0.0000000000000000        0.0000000000000000     
 -4.56291113008447024E-012 -1.21101564755989912E-012
 -2.93713599690035750E-010 -3.03642707308334976E-010
         254   0.0000000000000000        0.0000000000000000     
 -5.70077074914463484E-012 -5.69468920567392524E-013
  1.53731141197784004E-010  2.16476037575405980E-010
         255   0.0000000000000000        0.0000000000000000     
 -7.23247188165389583E-012  3.25340114918885993E-014
 -1.66217668241531046E-010 -4.91215896193091401E-010
         256   0.0000000000000000        0.0000000000000000     
 -2.77261168750176301E-012  1.58361984748130207E-012
  6.46171662663395639E-010  3.58768467201879031E-010
         257   0.0000000000000000        0.0000000000000000     
 -3.62090559385904592E-012  6.23280239076646437E-012
 -6.93456065378063777E-010  1.81767436800895523E-011
         258   0.0000000000000000        0.0000000000000000     
 -2.82897284260871294E-012  7.55770443499893958E-013
  5.42809491718876984E-010 -4.82139928184854665E-010
         259   0.0000000000000000        0.0000000000000000     
 -1.70675583607970252E-012  2.70674089801071459E-012
  3.77385356206847998E-011  6.73696349750808154E-010
         260   0.0000000000000000        0.0000000000000000     
 -4.64362707446440661E-012  4.17900916855267351E-012
 -4.79217601988592636E-010 -4.03281758287536068E-010
         261   0.0000000000000000        0.0000000000000000     
 -5.03094386560766442E-013  6.06613314948139524E-012
  4.87920755846917824E-010 -2.20909214625855613E-012
         262   0.0000000000000000        0.0000000000000000     
  1.23784339669981678E-012  7.34146477463526548E-012
 -4.86096812860917434E-010  7.56478923427299209E-011
         263   0.0000000000000000        0.0000000000000000     
  1.41050251414630099E-012  3.86795098045563636E-013
  2.62758760960453149E-010 -3.04710165872201764E-010
         264   0.0000000000000000        0.0000000000000000     
  2.70950185019106860E-012  4.09325216075983109E-012
 -1.61001984381703109E-010  2.02695476323221013E-010
         265   0.0000000000000000        0.0000000000000000     
 -8.94120099370585214E-013  3.31276936532802981E-012
  9.38854214327414485E-011 -3.22268346365527368E-010
         266   0.0000000000000000        0.0000000000000000     
  7.05116144422391657E-012  3.36991783444768315E-012
  5.02554219916423318E-011  3.62770570990104676E-010
         267   0.0000000000000000        0.0000000000000000     
  4.52817608432215905E-012  4.91308387449926626E-012
 -3.89973768840197594E-010 -3.50944375680386379E-010
         268   0.0000000000000000        0.0000000000000000     
  4.19036379932435389E-012 -1.18143891231247379E-012
  4.48553929552333522E-010  1.36241006752409028E-010
         269   0.0000000000000000        0.0000000000000000     
  5.34827709933772746E-012  5.35387123131654118E-013
 -5.58956250806463300E-010  2.03094173150211881E-011
         270   0.0000000000000000        0.0000000000000000     
  2.29591596971620721E-012 -1.16079402926327883E-012
  4.42608424264897772E-010 -2.36791778026463107E-010
         271   0.0000000000000000        0.0000000000000000     
  3.64864580880523039E-012 -1.25487680912738308E-012
 -3.02879992670271107E-010  3.86629223274029024E-010
         272   0.0000000000000000        0.0000000000000000     
  4.02403445930693735E-012 -1.12762645607111784E-012
 -4.21601714636736834E-011 -4.49823270917166636E-010
         273   0.0000000000000000        0.0000000000000000     
  4.47535801685117408E-012 -2.49744560034136580E-012
  2.87984673105533331E-010  2.29520988070324700E-010
         274   0.0000000000000000        0.0000000000000000     
  3.02815068556023780E-012 -4.95407088145596274E-012
 -2.20357771312608939E-010  5.70146731385810463E-011
         275   0.0000000000000000        0.0000000000000000     
  1.08076796573718514E-012 -4.32935476917633047E-012
  1.24460731648059218E-010  1.24397395057550400E-010
         276   0.0000000000000000        0.0000000000000000     
 -1.56972508361779805E-012 -1.29042208778062836E-012
 -2.78553059204916030E-010 -1.16873636494752917E-010
         277   0.0000000000000000        0.0000000000000000     
  1.40569369035504251E-012 -5.52040924532965937E-012
  4.53420236790300484E-010  7.02457239646236598E-011
         278   0.0000000000000000        0.0000000000000000     
  3.24534993776695968E-012 -1.87908148251187004E-012
 -5.30485196616422477E-010  3.48377086726780559E-010
         279   0.0000000000000000        0.0000000000000000     
 -5.08128670108069750E-012 -6.84670287241611389E-012
  1.64345195022838798E-010 -6.27698911057370830E-010
         280   0.0000000000000000        0.0000000000000000     
 -1.81591151424867390E-012 -6.33835611330524563E-012
  4.27337461965022399E-010  6.50014263196478348E-010
         281   0.0000000000000000        0.0000000000000000     
 -3.70143206964653423E-012  7.73383344761908657E-013
 -7.41850451666497222E-010 -1.87895169632545313E-010
         282   0.0000000000000000        0.0000000000000000     
 -4.39187412925662287E-012 -3.96618992495681742E-012
  7.46709020468892166E-010 -1.97550489386113121E-010
         283   0.0000000000000000        0.0000000000000000     
 -1.21508014432867685E-012 -1.18988824878860459E-012
 -5.59589771371143617E-010  5.50724875251289033E-010
         284   0.0000000000000000        0.0000000000000000     
 -6.70210814747124399E-012 -1.20928400501183842E-012
  2.40036099113763580E-010 -7.14385534193674487E-010
         285   0.0000000000000000        0.0000000000000000     
 -3.47365203971414259E-012 -9.30316327509653576E-013
  2.26795742670551733E-010  6.64698175490865030E-010
         286   0.0000000000000000        0.0000000000000000     
 -6.03670459139804717E-012  3.33287772176657374E-012
 -4.89302239278298260E-010 -4.00842581967681420E-010
         287   0.0000000000000000        0.0000000000000000     
 -4.59383726821029452E-012  1.63793797678158935E-012
  5.96986192885462411E-010 -5.00746912975821883E-011
         288   0.0000000000000000        0.0000000000000000     
 -9.87337845344292765E-013  4.08273106080674646E-012
 -3.29855938301759681E-010  1.73121947617826122E-010
         289   0.0000000000000000        0.0000000000000000     
 -2.52076030041121259E-012  1.84064322374136631E-012
  3.37893086443577717E-010 -1.81649781943903278E-010
         290   0.0000000000000000        0.0000000000000000     
 -2.88242894655697507E-012  3.16432261377841883E-012
 -2.87463324918211259E-010  2.43449485298719479E-010
         291   0.0000000000000000        0.0000000000000000     
 -3.55711974699844787E-012  3.18226996775760471E-012
  2.85315306754504906E-010 -4.29812817993644459E-010
         292   0.0000000000000000        0.0000000000000000     
  1.70206441652696003E-012  7.12936069954911127E-012
  1.87918547354151547E-011  5.43045211792547603E-010
         293   0.0000000000000000        0.0000000000000000     
  8.55007167207268364E-013  5.47904044789591132E-012
 -5.10749645969530114E-010 -5.11320743217411778E-010
         294   0.0000000000000000        0.0000000000000000     
  1.78268350011889432E-012  7.00944995338453343E-013
  7.95170260330588600E-010 -6.29785380452166080E-011
         295   0.0000000000000000        0.0000000000000000     
  2.37034167986970792E-012  4.75985106889007602E-012
 -5.86474351162442895E-010  6.02559975718207454E-010
         296   0.0000000000000000        0.0000000000000000     
 -4.41618005982311753E-013  4.08001327708678925E-012
  5.28935930592940422E-011 -8.02915529416952436E-010
         297   0.0000000000000000        0.0000000000000000     
  6.41006234945392024E-012  2.79497471937635087E-012
  2.74397468352573447E-010  5.66458429417184631E-010
         298   0.0000000000000000        0.0000000000000000     
  3.63144702106317134E-012  2.72085277193038571E-012
 -5.14943786008797204E-010 -3.32544895937092764E-010
         299   0.0000000000000000        0.0000000000000000     
  5.23671041375042571E-012 -2.17772823020021030E-012
  5.53818905157218950E-010  3.44356171372879766E-011
         300   0.0000000000000000        0.0000000000000000     
  5.08274880540278716E-012  9.11380588386925667E-013
 -5.57406422580915509E-010  3.14791040448395364E-010
         301   0.0000000000000000        0.0000000000000000     
  1.62874682544684584E-012 -2.28146195874545888E-012
  2.36817766820098944E-010 -4.88125219031315828E-010
         302   0.0000000000000000        0.0000000000000000     
  5.57673989797336092E-012 -1.08448046460310055E-012
 -1.39204047710125778E-010  4.64955553973925013E-010
         303   0.0000000000000000        0.0000000000000000     
  2.78484681158918122E-012 -1.01933645602950361E-012
 -5.09875844771282183E-011 -4.94581127221657105E-010
         304   0.0000000000000000        0.0000000000000000     
  4.71909718536562799E-012 -5.14792153139202143E-012
  1.87970322356865740E-010  4.40736854569106751E-010
         305   0.0000000000000000        0.0000000000000000     
  2.38251054199841418E-012 -4.75335963982674440E-012
 -3.84191263855095379E-010 -2.15526278442476967E-010
         306   0.0000000000000000        0.0000000000000000     
 -1.17932164535418796E-012 -3.99439296542662842E-012
  4.14815322793746330E-010  1.49568938092020187E-011
         307   0.0000000000000000        0.0000000000000000     
  4.15099271963869664E-013 -3.12089526492838847E-012
 -3.64603850406806701E-010  2.56695626636685310E-010
         308   0.0000000000000000        0.0000000000000000     
  8.51279279982667690E-013 -3.93251303863477054E-012
  1.83980098710971907E-010 -4.16871023550557463E-010
         309   0.0000000000000000        0.0000000000000000     
  4.95304002385941697E-013 -5.33547311542115831E-012
  9.66530577307809169E-011  5.10785857401577557E-010
         310   0.0000000000000000        0.0000000000000000     
 -4.39498262535403999E-012 -4.56755013580409793E-012
 -2.95719202604787139E-010 -2.52216281390459649E-010
         311   0.0000000000000000        0.0000000000000000     
 -3.93363408988187547E-012 -2.78437047219304544E-012
  3.36763230952828881E-010 -7.88036899935231041E-012
         312   0.0000000000000000        0.0000000000000000     
 -3.98906828815941835E-012 -1.50812029836223390E-012
 -7.05894393519390404E-011  1.29550041057068999E-010
         313   0.0000000000000000        0.0000000000000000     
 -2.34775854226196534E-012 -1.76257284867234489E-012
  1.20950207737558853E-010 -7.36122281733221185E-012
         314   0.0000000000000000        0.0000000000000000     
 -3.77162513091686469E-012  3.39968077373056791E-013
 -1.99514109904051597E-010  1.70971660657043087E-010
         315   0.0000000000000000        0.0000000000000000     
 -5.78258964666980529E-012 -1.53887658785242383E-012
  1.72311637996758899E-010 -3.44071687045596863E-010
         316   0.0000000000000000        0.0000000000000000     
 -2.52635268996941279E-012  4.43736324281961017E-013
  5.88313903216554042E-011  4.59121660654728049E-010
         317   0.0000000000000000        0.0000000000000000     
 -5.92882407158639980E-012  3.33715834887624540E-012
 -2.29279352312239817E-010 -4.04472268403795910E-010
         318   0.0000000000000000        0.0000000000000000     
 -2.55153554655615924E-012  1.50845523663204489E-012
  4.16847602288113378E-010  2.12767021359779220E-010
         319   0.0000000000000000        0.0000000000000000     
 -3.80238907834726621E-013  4.29189148087776635E-012
 -4.58778773540597453E-010  2.09461509149425271E-011
         320   0.0000000000000000        0.0000000000000000     
 -3.33605832341792950E-012  1.86949658130913524E-012
  3.48940334725650640E-010 -3.51574852626471121E-010
         321   0.0000000000000000        0.0000000000000000     
 -1.53969428108163333E-012  2.79912420865152594E-012
 -1.78782078080105107E-011  3.97454252416620172E-010
         322   0.0000000000000000        0.0000000000000000     
 -2.89938532461110309E-012  5.85590548437896279E-012
 -9.34063955923323756E-011 -3.23001361653500058E-010
         323   0.0000000000000000        0.0000000000000000     
  1.26650003745338943E-012  5.67608490433183439E-012
  1.03451855279921506E-010  1.52382300989674975E-010
         324   0.0000000000000000        0.0000000000000000     
  2.19679403720747561E-012  3.56443292682794401E-012
 -1.11272021732094977E-010 -2.00744507947349942E-010
         325   0.0000000000000000        0.0000000000000000     
  2.23326042335527612E-012  2.72911527421516644E-012
  1.18718854742147818E-010  9.09512655062018419E-011
         326   0.0000000000000000        0.0000000000000000     
  8.26566601036605777E-013  3.45748838645285227E-012
 -1.07385926265721139E-010 -1.19119017533881954E-010
         327   0.0000000000000000        0.0000000000000000     
  3.62277516274375138E-012  3.61802764530701214E-012
  2.32125769684209408E-010  2.55994404774474385E-011
         328   0.0000000000000000        0.0000000000000000     
  5.34658889407244626E-012  3.46089492366071202E-012
 -3.24636739647386329E-010  2.38106587755224268E-010
         329   0.0000000000000000        0.0000000000000000     
  3.82986922482693192E-012  5.03507882052710456E-013
 -2.20259291422986435E-012 -5.11584373102334407E-010
         330   0.0000000000000000        0.0000000000000000     
  5.96219599094525682E-012 -1.29479703416486331E-012
  3.33939546516114970E-010  4.37869955488007005E-010
         331   0.0000000000000000        0.0000000000000000     
  3.20175333676697265E-012  4.15942753662063817E-014
 -5.37997036593518812E-010 -7.66229538977401476E-011
         332   0.0000000000000000        0.0000000000000000     
  2.65793373567471521E-012 -2.75303269401123456E-012
  4.01476571460630527E-010 -1.87251057990714487E-010
         333   0.0000000000000000        0.0000000000000000     
  4.77276198471896172E-012 -4.26694350144404923E-013
 -2.83426601917369220E-010  4.16061254252825656E-010
         334   0.0000000000000000        0.0000000000000000     
  2.25631030628196932E-012 -2.75117133635693357E-012
 -4.71341396114699916E-011 -5.09503693842075012E-010
         335   0.0000000000000000        0.0000000000000000     
  4.86124621522367144E-012 -5.85229601702503069E-012
  2.59169734279936592E-010  4.65047783989051773E-010
         336   0.0000000000000000        0.0000000000000000     
 -3.06251115766412817E-013 -4.27278218791366618E-012
 -4.01332499709355895E-010 -1.99548453582342961E-010
         337   0.0000000000000000        0.0000000000000000     
 -4.44386145062498679E-013 -4.70920757314816445E-012
  3.39341904118065610E-010  1.26218592006838011E-010
         338   0.0000000000000000        0.0000000000000000     
  4.23005569054824082E-013 -2.05944705686354041E-012
 -3.65181955021574367E-010 -1.36342330129787949E-011
         339   0.0000000000000000        0.0000000000000000     
 -1.80560584084632947E-013 -4.93458323117969309E-012
  3.23970273259180672E-010 -9.00552420816203960E-011
         340   0.0000000000000000        0.0000000000000000     
 -9.40808182638298326E-013 -5.46169666733208352E-012
 -2.58093500539535859E-010  2.83841739450249324E-010
         341   0.0000000000000000        0.0000000000000000     
 -5.05851749176668070E-012 -3.32078165652853273E-012
  1.39681542523985366E-010 -3.99090174266607419E-010
         342   0.0000000000000000        0.0000000000000000     
 -3.75223830038216593E-012 -2.56868180820307314E-012
  1.74219565748692127E-010  4.77034897316497742E-010
         343   0.0000000000000000        0.0000000000000000     
 -3.91257363927809565E-012 -5.21977726802970768E-013
 -3.84328852826542328E-010 -3.22538150151149250E-010
         344   0.0000000000000000        0.0000000000000000     
 -3.23490808413305351E-012 -1.72090311299530675E-012
  5.11993433795802154E-010  4.03854771814834219E-011
         345   0.0000000000000000        0.0000000000000000     
 -3.84770554901670058E-012  3.35196173266712435E-014
 -3.55306163488208900E-010  2.39583182348454799E-010
         346   0.0000000000000000        0.0000000000000000     
 -4.95221996928143715E-012 -2.94801404986349257E-013
  1.58031881327431060E-010 -4.05506008102015358E-010
         347   0.0000000000000000        0.0000000000000000     
 -3.93665860430813991E-012  1.58201956373019014E-012
  1.72604934992000300E-010  3.84930102663825990E-010
         348   0.0000000000000000        0.0000000000000000     
 -5.15468027789850727E-012  3.54656602416978333E-012
 -3.09149218834783812E-010 -2.90657529780256385E-010
         349   0.0000000000000000        0.0000000000000000     
 -1.52004841947960002E-012  2.94433982360443549E-012
  4.44732927895377895E-010  8.54160298118011174E-011
         350   0.0000000000000000        0.0000000000000000     
 -1.46803374723472259E-012  4.21599608568397946E-012
 -4.35730580360817013E-010  7.12544381098802192E-011
         351   0.0000000000000000        0.0000000000000000     
 -2.95182656306529595E-012  1.47867809515924619E-012
  3.57593527012837252E-010 -2.91203638891625459E-010
         352   0.0000000000000000        0.0000000000000000     
 -8.67767599927431739E-013  4.70946926813040366E-012
 -1.34420593584607170E-010  3.78115853450817039E-010
         353   0.0000000000000000        0.0000000000000000     
 -1.68890985408678440E-012  6.82603602676557581E-012
 -8.06674920981060933E-011 -4.53391021831549379E-010
         354   0.0000000000000000        0.0000000000000000     
  3.60418918968683668E-012  3.33650422973043003E-012
  2.80778697207120651E-010  3.30877711011896074E-010
         355   0.0000000000000000        0.0000000000000000     
  2.90633771900300661E-012  4.44315222537895795E-012
 -5.13493753562517290E-010 -1.81400961875335004E-010
         356   0.0000000000000000        0.0000000000000000     
  1.39262494556084054E-012  1.38427294012726800E-012
  4.64589297658175512E-010 -1.37711888933390383E-010
         357   0.0000000000000000        0.0000000000000000     
  3.54413510114289489E-012  3.64274812127412056E-012
 -3.36290258268459984E-010  2.68889631781700712E-010
         358   0.0000000000000000        0.0000000000000000     
  3.34135390763187724E-012  3.12210766053636428E-012
  5.81992772375384510E-011 -3.95598651432679708E-010
         359   0.0000000000000000        0.0000000000000000     
  4.68259526378271676E-012  5.02425958171207953E-013
  1.36894985129237232E-010  2.48425199034583093E-010
         360   0.0000000000000000        0.0000000000000000     
  5.13922724014702615E-012  1.04868958610246625E-013
 -2.45183436227299377E-010 -7.36829322004000749E-011
         361   0.0000000000000000        0.0000000000000000     
  4.07893979238589361E-012 -9.79123941951411703E-013
  1.51001538580899442E-010 -2.11620669305957261E-011
         362   0.0000000000000000        0.0000000000000000     
  2.90936518916012746E-012 -1.76048062197399030E-012
 -1.51389763912236938E-010  2.38335625899063463E-011
         363   0.0000000000000000        0.0000000000000000     
  3.10466636996490866E-012 -1.97063350203752200E-012
  1.76898804080915905E-010 -2.18558726696291734E-011
         364   0.0000000000000000        0.0000000000000000     
  3.70631864935737066E-012 -1.29615538702868635E-012
 -1.94705311595669154E-010  1.22747133776252843E-010
         365   0.0000000000000000        0.0000000000000000     
  3.43550547157705835E-012 -3.53299974190471116E-012
  1.11944698919349937E-010 -1.66375961061919781E-010
         366   0.0000000000000000        0.0000000000000000     
  3.15386035193532097E-012 -5.12567381848304431E-012
 -1.91760702605939380E-011  2.84987423668018068E-010
         367   0.0000000000000000        0.0000000000000000     
 -1.15596411368223840E-012 -4.70615465378779246E-012
 -1.54268865029233375E-010 -2.22457810975362978E-010
         368   0.0000000000000000        0.0000000000000000     
 -1.43308429165039972E-013 -4.11785337174180039E-012
  3.40704383241963125E-010  1.69157167118363924E-010
         369   0.0000000000000000        0.0000000000000000     
 -1.74927473091025978E-013 -2.29164193519277681E-012
 -3.84049444701827230E-010  8.92755936272448124E-011
         370   0.0000000000000000        0.0000000000000000     
 -8.62466903602859967E-013 -6.02451354860551260E-012
  2.72645121503059923E-010 -1.78312978643181733E-010
         371   0.0000000000000000        0.0000000000000000     
 -2.31994922901201296E-012 -4.88122090431544224E-012
 -1.32600539962149780E-010  2.83228328127724265E-010
         372   0.0000000000000000        0.0000000000000000     
 -5.36530812701115800E-012 -2.90739223192730751E-012
  2.26921934731296720E-011 -2.37413629851694425E-010
         373   0.0000000000000000        0.0000000000000000     
 -4.18345318429097678E-012 -1.87066305911834811E-012
  1.53330027453037566E-010  1.33322718122844066E-010
         374   0.0000000000000000        0.0000000000000000     
 -3.87726495132143639E-012 -2.83692540590801886E-013
 -6.61474652571556046E-011 -5.52395111410943411E-012
         375   0.0000000000000000        0.0000000000000000     
 -4.07201761221117875E-012 -7.26512091057636156E-013
  6.44393971123401552E-011  5.44560251356785824E-011
         376   0.0000000000000000        0.0000000000000000     
 -4.30587587512803595E-012  1.77793416391813665E-013
 -1.23872546967783342E-010 -9.94373026524522673E-011
         377   0.0000000000000000        0.0000000000000000     
 -4.99044898146174695E-012  6.43612329112091076E-013
  2.92678063456645255E-010 -3.30529801960195743E-011
         378   0.0000000000000000        0.0000000000000000     
 -4.50620425366340154E-012  2.76442235244599184E-012
 -1.60009990151169563E-010  2.00672496192595315E-010
         379   0.0000000000000000        0.0000000000000000     
 -3.82765645363694093E-012  4.55966597384693547E-012
  2.26798818332596229E-012 -2.93001485045554407E-010
         380   0.0000000000000000        0.0000000000000000     
 -1.01011012132016254E-012  3.92439241779543315E-012
  2.08034798551582562E-010  1.65428476690495107E-010
         381   0.0000000000000000        0.0000000000000000     
 -1.34621899879517743E-012  3.40188028313923609E-012
 -3.16236651215197858E-010 -4.07916399399258776E-011
         382   0.0000000000000000        0.0000000000000000     
 -1.81336129964539256E-012  2.98780265316866656E-012
  3.41234021590989304E-010 -1.98408171583633825E-010
         383   0.0000000000000000        0.0000000000000000     
 -7.58484577249473278E-013  6.27237653555231722E-012
 -1.95656172183926465E-010  3.03169550703872654E-010
         384   0.0000000000000000        0.0000000000000000     
  1.27456040195913306E-012  5.50299110992033426E-012
  3.16878446279823559E-011 -3.89099326499818836E-010
         385   0.0000000000000000        0.0000000000000000     
  4.43531994238482513E-012  3.78848621153993127E-012
  7.16797515339329200E-011  3.13479350140075475E-010
         386   0.0000000000000000        0.0000000000000000     
  1.94337189238219719E-012  3.01647110198190920E-012
 -2.42434103334122865E-010 -2.69907791183892047E-010
         387   0.0000000000000000        0.0000000000000000     
  2.96977584764906538E-012  1.01719523546940834E-012
  3.28215560298016787E-010  1.22874856437830495E-010
         388   0.0000000000000000        0.0000000000000000     
  3.87960970441121173E-012  3.95717300686403106E-012
 -3.98655674731851944E-010  4.77466605373507698E-011
         389   0.0000000000000000        0.0000000000000000     
  3.65506130130446940E-012  8.15064156437126126E-013
  2.89830021689022168E-010 -1.91315549924261890E-010
         390   0.0000000000000000        0.0000000000000000     
  5.93856282458355991E-012  5.90856425725204677E-013
 -3.03488444664696759E-010  2.99249299794237850E-010
         391   0.0000000000000000        0.0000000000000000     
  3.84327891207216863E-012 -8.63662761057983931E-013
  9.06958692696321553E-011 -4.13913713053234281E-010
         392   0.0000000000000000        0.0000000000000000     
  4.83660349406418849E-012 -2.68612611125036654E-012
  9.85291549004874756E-011  4.32846365207307332E-010
         393   0.0000000000000000        0.0000000000000000     
  2.79819573558748360E-012 -1.39402492691654069E-012
 -3.71809830686452167E-010 -2.18250923121656702E-010
         394   0.0000000000000000        0.0000000000000000     
  2.42388712762508235E-012 -2.55453846163283245E-012
  3.69113490755903924E-010 -5.87535462309049823E-011
         395   0.0000000000000000        0.0000000000000000     
  4.07761418137577610E-012 -2.88068917861390590E-012
 -2.56802100284025315E-010  2.92064042647009629E-010
         396   0.0000000000000000        0.0000000000000000     
  2.83911715822029322E-012 -4.72537413441575213E-012
  2.12706463175432240E-011 -2.98460398968386191E-010
         397   0.0000000000000000        0.0000000000000000     
  5.85284092416925385E-013 -6.29988586214855019E-012
  1.10240009683215589E-010  2.93535984646107995E-010
         398   0.0000000000000000        0.0000000000000000     
 -1.78254730441932851E-012 -4.29246248285564247E-012
 -1.77543208692018711E-010 -1.21979260549375921E-010
         399   0.0000000000000000        0.0000000000000000     
 -9.06210334619981397E-013 -3.56472185229666216E-012
  2.27859248363735130E-010  5.15338025503541769E-011
         400   0.0000000000000000        0.0000000000000000     
 -8.71893287136156563E-013 -3.12623970094408050E-012
 -2.17581966536832538E-010  9.81445407579907479E-011
         401   0.0000000000000000        0.0000000000000000     
 -2.86830015050285543E-012 -5.47169729775307277E-012
  2.35661735541824049E-010 -1.74652657293466221E-010
         402   0.0000000000000000        0.0000000000000000     
 -3.52445213900423523E-012 -3.02913421524142967E-012
 -1.01532699862552366E-010  3.80031712353278485E-010
         403   0.0000000000000000        0.0000000000000000     
 -5.74582114093580827E-012 -1.49148165876971450E-012
 -4.80399469302268288E-011 -4.07510977366452035E-010
         404   0.0000000000000000        0.0000000000000000     
 -3.59396782482000606E-012 -1.06481387411867682E-012
  2.85761319749982789E-010  3.18147804981711839E-010
         405   0.0000000000000000        0.0000000000000000     
 -4.29321582068955029E-012  9.95132379051799413E-013
 -3.24259564503629802E-010 -1.40570856230438911E-010
         406   0.0000000000000000        0.0000000000000000     
 -4.04169717848514337E-012 -5.50673783581551917E-013
  3.77366799743939752E-010 -4.83546818694718247E-011
         407   0.0000000000000000        0.0000000000000000     
 -3.44679587090778025E-012  1.29448418987687739E-012
 -2.52136308916426870E-010  2.51374900415568966E-010
         408   0.0000000000000000        0.0000000000000000     
 -5.39798890912442686E-012  1.85302338923556311E-012
  7.15687576002048030E-011 -3.74632425008236677E-010
         409   0.0000000000000000        0.0000000000000000     
 -3.67124632348275126E-012  3.09062768617290019E-012
  1.68560367789520368E-010  2.41526607608968510E-010
         410   0.0000000000000000        0.0000000000000000     
 -2.41748704658940786E-012  5.57201719047601158E-012
 -1.64708279219643195E-010 -1.33658235007217334E-010
         411   0.0000000000000000        0.0000000000000000     
 -7.03305149683950652E-013  3.62299024207862627E-012
  1.00777962446950384E-010 -2.02983381157951582E-012
         412   0.0000000000000000        0.0000000000000000     
 -7.50558231314677682E-013  3.45069852098785918E-012
 -6.31747918851182618E-011 -5.81799102727471740E-011
         413   0.0000000000000000        0.0000000000000000     
 -1.35825866055877365E-012  4.33034826145853420E-012
  1.13135145431997213E-010 -1.64688222387474511E-011
         414   0.0000000000000000        0.0000000000000000     
  4.78349707129265232E-013  6.21498634072451670E-012
 -1.29717362026494112E-010  3.48397276863953933E-011
         415   0.0000000000000000        0.0000000000000000     
  3.14616507118463922E-012  4.92999665738341564E-012
  8.22223168166967129E-011 -2.21539370422160779E-010
         416   0.0000000000000000        0.0000000000000000     
  4.37453411963094704E-012  2.95892533792973560E-012
  1.20915824865649191E-011  2.72147815449729178E-010
         417   0.0000000000000000        0.0000000000000000     
  3.15064800467822958E-012  2.23399885318613101E-012
 -2.41814854397036600E-010 -2.38108114584704716E-010
         418   0.0000000000000000        0.0000000000000000     
  3.44859096091595125E-012  1.70389393327006449E-012
  2.54243891140839128E-010  2.68894258206644565E-011
         419   0.0000000000000000        0.0000000000000000     
  4.32217389894810957E-012  2.06436143740456396E-012
 -2.13498208526137856E-010  7.57875480424121969E-011
         420   0.0000000000000000        0.0000000000000000     
  5.00342423129754463E-012  3.75634260919714528E-013
  9.21518074423314746E-011 -1.37946447671093411E-010
         421   0.0000000000000000        0.0000000000000000     
  5.42840723204095401E-012 -4.04150468339153534E-013
 -7.55344543299368029E-011  1.96458714093544725E-010
         422   0.0000000000000000        0.0000000000000000     
  4.01998328257985286E-012 -2.66248019908544712E-012
 -7.44676786283708087E-011 -1.67826970881965999E-010
         423   0.0000000000000000        0.0000000000000000     
  3.84800381004854437E-012 -3.81541261741831140E-012
  7.15217678926199383E-011  1.68655113310425535E-010
         424   0.0000000000000000        0.0000000000000000     
  1.84468908476208646E-012 -2.32013718569870621E-012
 -1.23626783882116315E-010 -9.41159635891259128E-011
         425   0.0000000000000000        0.0000000000000000     
  2.61296282340848493E-012 -3.47033627567799144E-012
  1.18069087709716916E-010  1.00031644878617244E-010
         426   0.0000000000000000        0.0000000000000000     
  3.07961385916445663E-012 -3.97532887255254497E-012
 -1.78802027044319800E-010  1.86897457286736318E-011
         427   0.0000000000000000        0.0000000000000000     
  5.19911099286863362E-013 -6.17468606390964174E-012
  1.33846188083465734E-010 -5.75429194339535615E-011
         428   0.0000000000000000        0.0000000000000000     
 -1.57344650230256359E-012 -5.24256416406255489E-012
 -5.69685043162626527E-011  2.28759458560404607E-010
         429   0.0000000000000000        0.0000000000000000     
 -2.48631647707249480E-012 -3.01971540065825740E-012
 -7.80678980660531990E-011 -2.31298675818524125E-010
         430   0.0000000000000000        0.0000000000000000     
 -1.65275024690422965E-012 -3.19814353087067969E-012
  2.60998574783065928E-010  1.75210270917306899E-010
         431   0.0000000000000000        0.0000000000000000     
 -1.80367926855819167E-012 -3.20692951493647309E-012
 -2.74306806629835932E-010  4.54563716513420245E-011
         432   0.0000000000000000        0.0000000000000000     
 -3.87733205732217125E-012 -3.57546122953240944E-012
  2.10400227881382915E-010 -1.47515693832294566E-010
         433   0.0000000000000000        0.0000000000000000     
 -4.39718451607897325E-012 -1.76394248181599699E-012
 -3.56069388740615813E-011  2.23074536343714889E-010
         434   0.0000000000000000        0.0000000000000000     
 -4.84433228733999702E-012 -7.74786792313846981E-013
 -7.10241064092332270E-012 -2.17381450904368868E-010
         435   0.0000000000000000        0.0000000000000000     
 -3.56105020075193037E-012  3.66816079551565614E-013
  1.41602426212159651E-010  2.06717790125304720E-010
         436   0.0000000000000000        0.0000000000000000     
 -4.34391363151539986E-012  1.24257725392763669E-012
 -1.77244576173756530E-010 -1.98470944039259610E-010
         437   0.0000000000000000        0.0000000000000000     
 -3.03768786244209628E-012  2.37972790737532248E-013
  3.14180367965266118E-010  1.14822999535436405E-010
         438   0.0000000000000000        0.0000000000000000     
 -3.95589152879166758E-012  2.58707114693314231E-012
 -3.11015535354355169E-010 -1.45105613884766248E-012
         439   0.0000000000000000        0.0000000000000000     
 -4.66846493758714689E-012  2.18005039820078282E-012
  3.24534237553017647E-010 -1.91361113148114380E-010
         440   0.0000000000000000        0.0000000000000000     
 -2.12878834675280730E-012  5.16912395988420000E-012
 -1.35638189575208930E-010  2.76208704162626187E-010
         441   0.0000000000000000        0.0000000000000000     
 -1.40732388986757158E-012  5.32480678520909216E-012
 -3.47777681763884260E-011 -3.67133769239502961E-010
         442   0.0000000000000000        0.0000000000000000     
  5.51686266798686198E-013  2.88654761371283690E-012
  2.21550835844011823E-010  2.42084342133933096E-010
         443   0.0000000000000000        0.0000000000000000     
 -2.10423167711314533E-013  4.21509213635979250E-012
 -3.13656214399818038E-010 -1.09126625568193851E-010
         444   0.0000000000000000        0.0000000000000000     
 -1.79151744074451544E-013  4.34049453852207253E-012
  2.64206848940345228E-010 -1.12951960302201896E-010
         445   0.0000000000000000        0.0000000000000000     
  3.05405632189561288E-012  5.39094143989427960E-012
 -1.58987179874220040E-010  1.50021186931342881E-010
         446   0.0000000000000000        0.0000000000000000     
  3.55894437641131702E-012  3.48504367453737255E-012
 -3.93116122598815929E-011 -2.17293655556634653E-010
         447   0.0000000000000000        0.0000000000000000     
  4.14268848422545643E-012  1.45611460467127812E-012
  1.00345312947262657E-010  1.03070007173378449E-010
         448   0.0000000000000000        0.0000000000000000     
  3.52399101729175792E-012  1.57395930753173988E-012
 -1.61988404999848346E-010 -5.17610693125453096E-011
         449   0.0000000000000000        0.0000000000000000     
  3.50759760906513529E-012  8.65489178754048148E-013
  1.40464166485779250E-010  2.29746096723239918E-011
         450   0.0000000000000000        0.0000000000000000     
  4.33751117410710622E-012  8.98537375616396903E-013
 -2.58529421888776235E-010  2.03061102896026264E-011
         451   0.0000000000000000        0.0000000000000000     
  4.45942968317283478E-012 -7.75269712147137820E-013
  2.07128050220807552E-010 -1.70750921706598527E-010
         452   0.0000000000000000        0.0000000000000000     
  5.14536151537862596E-012 -1.58688028479887580E-012
 -1.32796325863060904E-010  3.03283827108994052E-010
         453   0.0000000000000000        0.0000000000000000     
  3.28585418940826788E-012 -3.22525804679030902E-012
 -9.67313826305247628E-011 -2.92924044245306811E-010
         454   0.0000000000000000        0.0000000000000000     
  2.52672507217752047E-012 -4.03737356599973274E-012
  2.37828398521531341E-010  2.60846852466560111E-010
         455   0.0000000000000000        0.0000000000000000     
  1.57226834281270135E-012 -2.28257331938364391E-012
 -3.69990556820372882E-010 -5.01894709074625827E-011
         456   0.0000000000000000        0.0000000000000000     
  1.96717196435084925E-012 -3.91584843437261431E-012
  3.20250886632891771E-010 -1.15926200069875007E-010
         457   0.0000000000000000        0.0000000000000000     
  2.06167616510072285E-012 -4.45444997934306238E-012
 -1.87188730353165621E-010  2.76288325211740316E-010
         458   0.0000000000000000        0.0000000000000000     
 -1.41326857881936782E-012 -6.00460287281837386E-012
  3.84795728187128463E-011 -1.96508373790320501E-010
         459   0.0000000000000000        0.0000000000000000     
 -2.08986527535897534E-012 -4.17479923809127693E-012
  8.20379972374144801E-011  1.99169090864510886E-010
         460   0.0000000000000000        0.0000000000000000     
 -2.90135713731298774E-012 -2.37181800691135770E-012
 -1.08723426050867989E-010 -7.53112524890506026E-011
         461   0.0000000000000000        0.0000000000000000     
 -2.13998403511938818E-012 -3.13926838460107697E-012
  1.55478713755232200E-010  3.14249920636240372E-011
         462   0.0000000000000000        0.0000000000000000     
 -2.56659185541987572E-012 -2.75692836233376124E-012
 -1.08318619883680039E-010  6.48707717722623634E-011
         463   0.0000000000000000        0.0000000000000000     
 -4.64764594406122890E-012 -2.44559079460589822E-012
  1.35874315834326349E-010 -6.14390806768370938E-011
         464   0.0000000000000000        0.0000000000000000     
 -4.38818183217042749E-012 -9.58522626922358797E-013
 -6.16602124743923366E-011  1.38807218054088145E-010
         465   0.0000000000000000        0.0000000000000000     
 -4.78996843612962460E-012  7.14374035249491588E-013
  1.69296259642825065E-011 -1.86530802304749428E-010
         466   0.0000000000000000        0.0000000000000000     
 -3.94766715548096806E-012  1.19536217314626332E-012
  1.64946488731802680E-010  1.20501794379225177E-010
         467   0.0000000000000000        0.0000000000000000     
 -2.97321380221246397E-012  2.05848288312452029E-012
 -1.74800137051625352E-010 -1.81912396195193126E-011
         468   0.0000000000000000        0.0000000000000000     
 -3.35347530330155861E-012  1.68388412192718806E-012
  1.88320881489037877E-010 -1.06030422845075882E-010
         469   0.0000000000000000        0.0000000000000000     
 -3.40717071677173912E-012  2.70275125378827908E-012
 -8.96298101335567353E-011  1.37717757960299210E-010
         470   0.0000000000000000        0.0000000000000000     
 -3.09508150885667314E-012  4.13554124782459524E-012
  5.43015162296739078E-011 -1.89895836374523482E-010
         471   0.0000000000000000        0.0000000000000000     
 -4.57467454136265672E-013  5.37852256895292951E-012
  1.47237430430840230E-011  9.63689571409862514E-011
         472   0.0000000000000000        0.0000000000000000     
  6.38646702693003941E-013  3.83378593895375906E-012
 -2.59487595771274960E-011 -1.27916025187276207E-010
         473   0.0000000000000000        0.0000000000000000     
  1.08122428746632285E-012  2.98503959523761884E-012
  4.40926055005932255E-011  8.61261161166635093E-011
         474   0.0000000000000000        0.0000000000000000     
  9.94934612863125240E-014  3.65123650441752060E-012
 -1.06320298443071261E-010 -1.14736704761183691E-010
         475   0.0000000000000000        0.0000000000000000     
  1.56964619255025460E-012  3.74987199610800172E-012
  1.68791496828284618E-010  7.93407607803265436E-012
         476   0.0000000000000000        0.0000000000000000     
  3.66436143900786339E-012  3.88310455957889617E-012
 -2.05685930356269616E-010  5.73579361689166404E-011
         477   0.0000000000000000        0.0000000000000000     
  3.30666116151775193E-012  1.82345695213425467E-012
  1.01459518943111834E-010 -1.72702205524126796E-010
         478   0.0000000000000000        0.0000000000000000     
  3.88767496425390297E-012  8.32061597884590804E-013
 -3.97331976821702470E-011  1.86807585035216847E-010
         479   0.0000000000000000        0.0000000000000000     
  3.10022441506168386E-012  9.20023254119271007E-013
 -1.10666674931343341E-010 -1.51659693644810003E-010
         480   0.0000000000000000        0.0000000000000000     
  3.41604458096860720E-012  2.38628573599170541E-013
  1.36914747707206494E-010  4.38673672677105152E-011
         481   0.0000000000000000        0.0000000000000000     
  4.12028981109105040E-012  9.22571229802190888E-014
 -1.74828373028069615E-010  7.40938619771970921E-011
         482   0.0000000000000000        0.0000000000000000     
  4.04946910350024505E-012 -1.22608604236296555E-012
  5.60733884124606531E-011 -1.32732009708704600E-010
         483   0.0000000000000000        0.0000000000000000     
  4.21329302172528106E-012 -2.46898854877899774E-012
 -5.00421640284653314E-011  1.65906443227363252E-010
         484   0.0000000000000000        0.0000000000000000     
  2.47089989120233303E-012 -3.77167120757943304E-012
 -3.36974879454722941E-011 -1.31350902491844521E-010
         485   0.0000000000000000        0.0000000000000000     
  1.54864781272687631E-012 -3.45848389766576200E-012
  6.37757784337259802E-011  1.72195837970215577E-010
         486   0.0000000000000000        0.0000000000000000     
  1.04005060944965754E-012 -2.78975189530443472E-012
 -1.54254275373088367E-010 -9.78504311349841146E-011
         487   0.0000000000000000        0.0000000000000000     
  1.67613750364312752E-012 -4.08064147778136887E-012
  1.92223228396709268E-010  5.90516085252448545E-011
         488   0.0000000000000000        0.0000000000000000     
  3.47890407018695578E-013 -4.65675892805579080E-012
 -2.32587795894798177E-010  1.00584656415482730E-010
         489   0.0000000000000000        0.0000000000000000     
 -2.48058197399577431E-012 -5.16793743724289589E-012
  2.05294812552250626E-010 -1.74251770813631155E-010
         490   0.0000000000000000        0.0000000000000000     
 -2.24570463326311574E-012 -2.86504533055025178E-012
 -5.50225322299926666E-011  3.10560056616153957E-010
         491   0.0000000000000000        0.0000000000000000     
 -3.18084728672781940E-012 -1.99057587459167956E-012
 -7.65163150543725171E-011 -2.69891116535980450E-010
         492   0.0000000000000000        0.0000000000000000     
 -2.04664104277925412E-012 -2.62734354756380852E-012
  2.25157780606985973E-010  1.77055752790481230E-010
         493   0.0000000000000000        0.0000000000000000     
 -3.47693346772253545E-012 -1.67929995944301157E-012
 -2.08513560444397277E-010  2.23955319621043875E-012
         494   0.0000000000000000        0.0000000000000000     
 -4.53691564451002361E-012 -1.69641787186574919E-012
  2.00634145271964518E-010 -1.05809613130196791E-010
         495   0.0000000000000000        0.0000000000000000     
 -4.02127812657867716E-012  2.17545400571796815E-013
 -4.06324578696486947E-011  1.79145635758937375E-010
         496   0.0000000000000000        0.0000000000000000     
 -4.57336047326539386E-012  1.32625434320531208E-012
  1.75432967361633310E-012 -1.65123260377175711E-010
         497   0.0000000000000000        0.0000000000000000     
 -2.96594068489691328E-012  1.85634052151014079E-012
  7.75496188409761811E-011  1.16026312135367942E-010
         498   0.0000000000000000        0.0000000000000000     
 -2.66917084252127400E-012  2.35532500663492612E-012
 -8.85580939979417039E-011 -1.25862740065159237E-010
         499   0.0000000000000000        0.0000000000000000     
 -2.74479784364304969E-012  1.78272194419831615E-012
  1.89535194940568880E-010  4.00656170467824340E-011
         500   0.0000000000000000        0.0000000000000000     
 -2.57297216537991950E-012  3.50161964935465289E-012
 -1.79933457901091337E-010  5.55731831032788154E-011
         501   0.0000000000000000        0.0000000000000000     
 -2.16671239942010674E-012  4.61785070874685918E-012
  1.35542863380957782E-010 -2.29177902761322089E-010
         502   0.0000000000000000        0.0000000000000000     
  9.06024321199274705E-013  4.40971012863941604E-012
 -4.48231276751621366E-013  2.28829720391773540E-010
         503   0.0000000000000000        0.0000000000000000     
  1.01174565738518899E-012  3.50142172947581899E-012
 -1.43562270562704163E-010 -2.49319051993235750E-010
         504   0.0000000000000000        0.0000000000000000     
  1.07475053020782952E-012  2.46842912040635315E-012
  2.21659372912389301E-010  1.09056285123561465E-010
         505   0.0000000000000000        0.0000000000000000     
  8.95588757484360787E-013  3.57400825798902166E-012
 -2.41919385596239311E-010 -8.36928440525218792E-012
         506   0.0000000000000000        0.0000000000000000     
  2.30473648270021030E-012  3.37378352684632469E-012
  1.51709997741272843E-010 -1.42827104690492217E-010
         507   0.0000000000000000        0.0000000000000000     
  3.86850033330810161E-012  2.70671831850799438E-012
 -9.22113149041491804E-011  1.47950634935510933E-010
         508   0.0000000000000000        0.0000000000000000     
  3.52273570210101122E-012  1.11290510290459762E-012
 -3.81207790422764293E-011 -1.73254627669967866E-010
         509   0.0000000000000000        0.0000000000000000     
  3.81125746203078766E-012  2.86600570274507385E-013
  6.26647692922190126E-011  1.20649108087100070E-010
         510   0.0000000000000000        0.0000000000000000     
  3.00255042067517847E-012  2.07087247234818498E-013
 -1.22931834666116393E-010 -6.62911590608107658E-011
         511   0.0000000000000000        0.0000000000000000     
  3.45615645839599637E-012 -5.54136012038571876E-013
  8.01305643137773053E-011  2.22296966805080024E-011
         512   0.0000000000000000        0.0000000000000000     
  3.82840053550428221E-012 -5.78729949663672291E-013
 -1.18746688666079671E-010  2.28233071467230299E-011
