 VERSION172
   4096.0000000000000     
        4096
  1.12430912743849876E-003   34.100000000000001       -118.20000000000000     
  -5.7699999999999996        110.33000000000000        5728.0000000000000     
           0   0.0000000000000000        0.0000000000000000     
   0.0000000000000000        0.0000000000000000     
   0.0000000000000000        0.0000000000000000     
           1   0.0000000000000000        0.0000000000000000     
  3.36477354412513028E-011 -7.69372742490676865E-011
 -4.61139244703444862E-011  3.78660653341372020E-011
           2   0.0000000000000000        0.0000000000000000     
 -1.35765192372259145E-010  2.92489922383332837E-011
  3.42302889337848444E-011  6.05834131916094919E-012
           3   0.0000000000000000        0.0000000000000000     
  5.68865363181639467E-011 -5.20931704379502574E-011
 -7.72153952553665948E-011 -2.03475826504727256E-011
           4   0.0000000000000000        0.0000000000000000     
 -7.70856899151952033E-011  5.43279614790429696E-011
  7.68570854338570819E-011  4.05131416195281721E-011
           5   0.0000000000000000        0.0000000000000000     
  5.64033313500881538E-012 -4.07781519126771469E-011
 -9.09002146672742295E-011  1.22526386588423391E-010
           6   0.0000000000000000        0.0000000000000000     
  2.83851870322574739E-011  6.77751161574430462E-011
 -2.11953738786847384E-011 -1.48831123560681838E-010
           7   0.0000000000000000        0.0000000000000000     
 -5.45982041185279455E-011  8.98968681351942338E-012
  1.70291569417882917E-010  7.49735371771730209E-011
           8   0.0000000000000000        0.0000000000000000     
 -2.78367205331558753E-011  5.73925612982975220E-012
 -1.84812455079950297E-010  1.24705194112102961E-010
           9   0.0000000000000000        0.0000000000000000     
  5.29107478513159911E-011  3.00366630315887415E-011
  1.86718725642832204E-011 -3.98370404169556571E-011
          10   0.0000000000000000        0.0000000000000000     
  2.45207934302791197E-011  5.18383481383411317E-011
  7.12598477188346253E-011 -9.62389065881928926E-011
          11   0.0000000000000000        0.0000000000000000     
  5.92009555003475698E-012  1.99982452714980707E-011
  2.21036312324556033E-010  1.17272566545260755E-010
          12   0.0000000000000000        0.0000000000000000     
 -1.53498243808812544E-011 -1.85941499009971810E-011
 -1.09707757042777276E-010  1.40406820816787485E-010
          13   0.0000000000000000        0.0000000000000000     
  4.22673479240052697E-011  1.04566321339039115E-011
 -6.51303601326105068E-011 -4.72318960247494932E-011
          14   0.0000000000000000        0.0000000000000000     
  4.22582589868279771E-011  2.03695795561511940E-011
  7.36744935824726102E-011 -6.39853848850679021E-011
          15   0.0000000000000000        0.0000000000000000     
  1.76922874677256466E-011 -4.22657451048771031E-012
  7.69911209050909943E-011 -5.49675642479924065E-011
          16   0.0000000000000000        0.0000000000000000     
  3.43130649049611555E-011  2.76978990193618109E-011
  2.83929437950174072E-010  1.04607826850081146E-010
          17   0.0000000000000000        0.0000000000000000     
 -1.02909455946466557E-011 -6.23080192101155493E-011
 -2.49520382258525021E-010  2.18740157111580919E-010
          18   0.0000000000000000        0.0000000000000000     
  6.06958681817358074E-011  4.12804066415353952E-012
  4.34638231321441460E-011 -3.81596052093934503E-010
          19   0.0000000000000000        0.0000000000000000     
 -2.56417602453172414E-011  1.98067045290622571E-012
  9.80379003195970827E-011  1.72144199500245993E-010
          20   0.0000000000000000        0.0000000000000000     
  2.43501991273047543E-011 -1.98654561868251122E-011
 -1.08474066293809509E-010 -2.24767045650424016E-010
          21   0.0000000000000000        0.0000000000000000     
  2.13178694467783480E-011  1.26921272492064939E-012
  2.67119377449034272E-010 -3.08560807666176562E-011
          22   0.0000000000000000        0.0000000000000000     
 -1.92438641161826197E-011 -6.09775905621996078E-011
 -1.40674796229409851E-010  2.53492723270638061E-010
          23   0.0000000000000000        0.0000000000000000     
 -6.49567127697816836E-012 -2.31750759218690514E-011
 -2.37144024186478839E-010 -3.15121761353477510E-010
          24   0.0000000000000000        0.0000000000000000     
  1.71724827478451791E-011  9.06249900981870378E-012
  2.87459933459091278E-010 -1.52995883818104952E-011
          25   0.0000000000000000        0.0000000000000000     
 -5.32335147376051652E-011  3.62958444305805525E-012
  2.32911653915978307E-011  4.84868189124127896E-011
          26   0.0000000000000000        0.0000000000000000     
  1.45692935736613064E-011 -7.38333002988277823E-011
 -1.57786679782317058E-010  1.63026415996763013E-010
          27   0.0000000000000000        0.0000000000000000     
 -1.04916530920013075E-011  7.68799567035088497E-012
 -1.19232122754357940E-010 -3.45331404932660766E-010
          28   0.0000000000000000        0.0000000000000000     
 -3.98329092249314164E-011  4.45870510896465359E-012
  3.05602991614351214E-010  9.04437753313682057E-011
          29   0.0000000000000000        0.0000000000000000     
 -2.55771580438259204E-011  4.18693581060685352E-013
 -2.13233914669987598E-010  2.73251468323927140E-010
          30   0.0000000000000000        0.0000000000000000     
 -2.02818111631010257E-011 -2.76228625090057499E-011
 -2.21210784111721952E-010 -2.44267442462989723E-010
          31   0.0000000000000000        0.0000000000000000     
  8.97414525592020048E-012  3.87256073824419500E-011
  2.13811207347795832E-010 -3.95740010071896711E-012
          32   0.0000000000000000        0.0000000000000000     
 -5.74638811148959742E-011 -1.63440433135993887E-011
 -1.52496411661036365E-010 -1.23179874168497844E-011
          33   0.0000000000000000        0.0000000000000000     
 -6.98217984628562417E-012  1.15794730110289751E-011
  1.44641195418411815E-010  1.29368110825313171E-010
          34   0.0000000000000000        0.0000000000000000     
 -4.35450805154619326E-011  1.44009398064608793E-012
 -5.04500171594202031E-010 -5.12800619100841296E-012
          35   0.0000000000000000        0.0000000000000000     
  1.46870157621217641E-011  4.39223050951160652E-011
  2.84601178775604945E-010 -3.38100035822220322E-010
          36   0.0000000000000000        0.0000000000000000     
 -1.66967386548659261E-011  4.14718835447650033E-011
  9.96523273886172894E-011  3.74192173679205403E-010
          37   0.0000000000000000        0.0000000000000000     
 -9.03972274964396837E-012 -2.31613073778002843E-011
 -2.21935868436965556E-010  2.57648740201238440E-012
          38   0.0000000000000000        0.0000000000000000     
 -5.11543701766787485E-013  2.26785831150834081E-011
  1.03863006434773595E-010 -1.42720853603359931E-010
          39   0.0000000000000000        0.0000000000000000     
  2.92437553215201880E-012  3.84006213162156589E-011
  3.00958630204142305E-011  9.56653684812064980E-011
          40   0.0000000000000000        0.0000000000000000     
  3.64368209281594777E-012  2.10498975044202948E-011
  2.14136974629842533E-010 -5.96372727001366330E-011
          41   0.0000000000000000        0.0000000000000000     
  3.96783435237059389E-011  1.34942323061070063E-012
 -1.22366354370612886E-010  2.45410805019119816E-010
          42   0.0000000000000000        0.0000000000000000     
 -3.81849191675768937E-012  2.00649842151124101E-011
  1.41145322561647338E-010 -9.28542741113092294E-011
          43   0.0000000000000000        0.0000000000000000     
  1.11795691285640802E-011 -1.94264352014912595E-011
 -2.18146488553381121E-010  2.90186413983239479E-010
          44   0.0000000000000000        0.0000000000000000     
  4.49490387785640456E-011  3.38959231414230751E-011
  4.66024627722720198E-011 -4.38894059457062958E-010
          45   0.0000000000000000        0.0000000000000000     
 -4.53647210101391942E-012  1.01265643512709684E-011
  5.11998927706605128E-010  3.14917887296027014E-010
          46   0.0000000000000000        0.0000000000000000     
  1.70937729631126329E-011 -5.33374945549588700E-012
 -4.51845200545002749E-010  5.61261300769733627E-010
          47   0.0000000000000000        0.0000000000000000     
  3.57797213944071077E-011 -3.11829893080046649E-011
 -2.52602835980622927E-010 -6.50056590953018292E-010
          48   0.0000000000000000        0.0000000000000000     
  3.20550894844583581E-011  2.46231907528523351E-011
  5.02077125228393047E-010  7.96480369847784181E-011
          49   0.0000000000000000        0.0000000000000000     
 -2.39721353262367382E-011 -1.95431501225539813E-011
 -1.19098218800616069E-010  4.43053388747463254E-011
          50   0.0000000000000000        0.0000000000000000     
  1.41949248082044582E-011 -1.66130400081248734E-011
  1.63143923505223346E-010  1.53918538091888773E-010
          51   0.0000000000000000        0.0000000000000000     
  1.60018892268612345E-011 -1.94794086368013055E-011
 -3.74627963085143688E-010 -8.74607457988095693E-011
          52   0.0000000000000000        0.0000000000000000     
  4.74975489572772114E-011 -2.92298285288627097E-011
  2.90887249339890347E-010 -4.84891184692697411E-010
          53   0.0000000000000000        0.0000000000000000     
 -5.08501851999699576E-011 -1.33494130093270332E-011
  3.37712707791345450E-010  2.86080995944739671E-010
          54   0.0000000000000000        0.0000000000000000     
  1.99772342664913041E-012 -4.15352670798905649E-011
 -3.90213015758511004E-010  8.48646898588335355E-011
          55   0.0000000000000000        0.0000000000000000     
 -1.57250086867064558E-011 -9.93215924757997319E-013
  1.18694835742165224E-010 -1.95790779519122468E-010
          56   0.0000000000000000        0.0000000000000000     
  2.48059175350302216E-011 -2.34053842572515235E-011
  8.15358753216374848E-011 -1.33568695949816898E-010
          57   0.0000000000000000        0.0000000000000000     
 -3.98580414945020816E-011 -8.40242713174935207E-012
  2.94600229805504079E-010  4.22544747081863121E-010
          58   0.0000000000000000        0.0000000000000000     
 -2.51812176539773080E-011 -4.63066969971607923E-011
 -6.33858076763211088E-010 -1.37362089699328387E-010
          59   0.0000000000000000        0.0000000000000000     
 -4.20303525658590371E-012  2.28738398313877150E-011
  4.79395693263415338E-010 -1.63277427719289065E-010
          60   0.0000000000000000        0.0000000000000000     
 -4.81677742450506162E-011 -2.24878041081635330E-011
 -3.51723140441665570E-010  2.60735821378772162E-010
          61   0.0000000000000000        0.0000000000000000     
  1.38405916500913500E-011  1.58884819847598327E-011
  5.86245484717912919E-011 -4.61688660374933635E-010
          62   0.0000000000000000        0.0000000000000000     
 -4.55326041351550056E-011  1.19154842251333450E-011
  4.48664651744834945E-010  4.46932629186595933E-010
          63   0.0000000000000000        0.0000000000000000     
 -2.05816401448149347E-011 -1.75649731061991470E-011
 -8.32332291801742296E-010  1.79394918824129036E-010
          64   0.0000000000000000        0.0000000000000000     
 -6.72065453661124920E-012  1.53151537110273054E-011
  2.05783381484005057E-010 -8.29601113672575308E-010
          65   0.0000000000000000        0.0000000000000000     
 -3.15761080765914944E-011  3.83461366912096790E-011
  3.08393346027868814E-010  5.30717294386667237E-010
          66   0.0000000000000000        0.0000000000000000     
 -8.89024755833673900E-013  2.98448051360076522E-011
 -3.20032887196767861E-010 -2.30120062730978324E-011
          67   0.0000000000000000        0.0000000000000000     
  9.22362624706330466E-012 -3.21988195415160387E-012
  6.93348215318538619E-011 -2.98482026383664029E-011
          68   0.0000000000000000        0.0000000000000000     
 -3.32566988247205317E-012  1.30328148359280427E-011
 -1.46896708786088933E-010 -9.58274719700291992E-011
          69   0.0000000000000000        0.0000000000000000     
  5.27312244089894153E-012  2.78870380145261183E-011
  3.84516625323817523E-010 -2.18254245845409305E-010
          70   0.0000000000000000        0.0000000000000000     
 -1.99887972977868079E-011  3.49779148617771664E-011
  1.65454293911920896E-010  8.07308158649632871E-010
          71   0.0000000000000000        0.0000000000000000     
  5.17691115085743929E-011 -9.02572871258604235E-012
 -7.95887860103888001E-010 -3.78617231262913094E-010
          72   0.0000000000000000        0.0000000000000000     
  1.31632797802541078E-011  2.81710079215046683E-011
  6.38969091919787764E-010 -2.56257537443985441E-010
          73   0.0000000000000000        0.0000000000000000     
  1.38625275052140793E-011 -7.76050893421239106E-012
 -7.06111135131935328E-011  1.91869892585721959E-010
          74   0.0000000000000000        0.0000000000000000     
  1.21014516301583347E-011  3.41660517443766198E-011
  1.23957680398418065E-010  3.32497169692277539E-010
          75   0.0000000000000000        0.0000000000000000     
  1.15042328213481193E-011 -2.21651549788066092E-011
 -5.07780077197267780E-010  9.49138643411669273E-011
          76   0.0000000000000000        0.0000000000000000     
  5.58505557198771507E-011  2.22094478702767297E-011
  9.06970063744726617E-011 -4.74731824320917842E-010
          77   0.0000000000000000        0.0000000000000000     
  3.93352191020061064E-012 -3.82757898849398832E-012
  4.92856073005772990E-010  3.62128215154285913E-010
          78   0.0000000000000000        0.0000000000000000     
  3.30241067892178931E-011 -1.97217203542725917E-011
 -5.18043409486811661E-010  3.14937912100872320E-011
          79   0.0000000000000000        0.0000000000000000     
  7.07423444479196704E-012 -2.29048046982800792E-011
  4.00863717812802397E-010 -2.36965499255051606E-010
          80   0.0000000000000000        0.0000000000000000     
  1.12127749426396178E-011 -1.35115232728504711E-011
 -3.35427763090853208E-010  2.87515220865238481E-010
          81   0.0000000000000000        0.0000000000000000     
  6.78174814582646830E-012 -6.89017665589568954E-012
  6.20712185736285621E-011 -5.06589609501373174E-010
          82   0.0000000000000000        0.0000000000000000     
  3.54752800693485339E-011 -2.74425008372317906E-011
  3.39818335462887632E-010  1.41338482259980013E-010
          83   0.0000000000000000        0.0000000000000000     
 -2.62677941839302878E-011 -3.16754814891244748E-011
 -1.74019356629379963E-010  5.52420490901045013E-011
          84   0.0000000000000000        0.0000000000000000     
 -8.45153449152233436E-013 -3.87247086559131060E-011
  1.22567795099130362E-011 -8.50230283469078366E-011
          85   0.0000000000000000        0.0000000000000000     
 -1.56242349020333218E-011  2.23330016163524757E-012
 -1.53221332853628713E-010  2.59641945362980081E-011
          86   0.0000000000000000        0.0000000000000000     
  6.13975570962802410E-012 -1.14645455909912571E-011
  4.33710916235869912E-010 -2.81495619124875265E-010
          87   0.0000000000000000        0.0000000000000000     
 -1.72265291869560771E-011 -1.29598113591805826E-011
 -1.47858687224723251E-010  9.25709015752186100E-010
          88   0.0000000000000000        0.0000000000000000     
 -2.38164024721770490E-011 -4.12689439901132800E-011
 -6.03362681929764516E-010 -7.52972987257518163E-010
          89   0.0000000000000000        0.0000000000000000     
 -7.67098170868989975E-012  1.24165557807613620E-011
  5.64246839858856803E-010  1.11180965077926145E-010
          90   0.0000000000000000        0.0000000000000000     
 -3.76540617630379378E-011 -7.32863683799055441E-012
 -1.74189178206889451E-010  8.14507146708540870E-011
          91   0.0000000000000000        0.0000000000000000     
 -1.57340878188327938E-011  9.51393214152148562E-012
  9.48267804193880148E-011  1.60416309270042942E-010
          92   0.0000000000000000        0.0000000000000000     
 -2.48297825827031529E-011 -8.94657007200774397E-012
 -5.39252118437635122E-010  1.16751472548116558E-010
          93   0.0000000000000000        0.0000000000000000     
 -3.88159509100823861E-013  7.90320623736424025E-012
  8.29128612441578335E-011 -8.40208361394318048E-010
          94   0.0000000000000000        0.0000000000000000     
 -2.99961251045723658E-011  1.90369173309645018E-011
  5.79360072747476739E-010  6.19854478748051685E-010
          95   0.0000000000000000        0.0000000000000000     
 -3.45421367489093093E-011  5.36939156489711580E-012
 -7.59069504726516422E-010 -2.75137045092934937E-011
          96   0.0000000000000000        0.0000000000000000     
 -1.27794524041275301E-011  3.64845355745629431E-011
  2.63563339014758467E-010 -2.09879788619461974E-010
          97   0.0000000000000000        0.0000000000000000     
  2.22842419399669493E-011  2.38990551861005160E-011
 -6.29920072619806585E-011  4.89393910842484861E-011
          98   0.0000000000000000        0.0000000000000000     
 -1.04927153547185511E-011  1.67201786498891832E-011
  1.30277667636696781E-010 -1.32338344361927584E-010
          99   0.0000000000000000        0.0000000000000000     
  8.35385633622662089E-012  1.08366554572854851E-011
  2.16968026720522380E-010  1.55740069034105876E-010
         100   0.0000000000000000        0.0000000000000000     
 -2.18892864614068512E-011  3.62831500146246168E-011
 -2.65192577791284049E-010  2.20061249908660854E-010
         101   0.0000000000000000        0.0000000000000000     
  3.87952546890252990E-011  1.80341772199559704E-011
  1.00241519303307083E-010 -3.26306143889259676E-010
         102   0.0000000000000000        0.0000000000000000     
  2.84767551316021436E-011  2.70513962761372234E-011
  2.16062094535562852E-010  8.04253705070497115E-011
         103   0.0000000000000000        0.0000000000000000     
  1.21390218069262550E-011 -1.98069501996840229E-012
  3.03716287649078437E-010  3.16976365409336338E-010
         104   0.0000000000000000        0.0000000000000000     
  2.19993044103600824E-011  1.56498534278233685E-011
 -7.78093755758704560E-010  4.01380902286624317E-010
         105   0.0000000000000000        0.0000000000000000     
  1.76285211598281004E-011 -8.21404677426309262E-012
  5.63716576303980042E-011 -7.88732896139175456E-010
         106   0.0000000000000000        0.0000000000000000     
  4.14052667524546959E-011  2.62298167841317262E-011
  4.55142018850055213E-010  2.87203832898349361E-010
         107   0.0000000000000000        0.0000000000000000     
  1.07446893458059543E-011 -1.12972342266904061E-011
 -1.21722796106725020E-010  2.26188497542800081E-010
         108   0.0000000000000000        0.0000000000000000     
  3.61209663412541976E-011 -8.73207796641052595E-012
  2.90309144365445229E-011  6.42008411644892425E-011
         109   0.0000000000000000        0.0000000000000000     
  1.00922038719479079E-011 -4.25003468852982267E-011
 -6.21097139891912344E-010 -2.84731228013294337E-011
         110   0.0000000000000000        0.0000000000000000     
  2.23999436460431909E-011 -9.68432605407276626E-012
  5.30073807012609430E-010 -9.52096298456018076E-010
         111   0.0000000000000000        0.0000000000000000     
 -2.04494248506425096E-011  8.34565398501256790E-013
  2.98187822504597625E-010  9.85606127952201895E-010
         112   0.0000000000000000        0.0000000000000000     
  3.37302676696842560E-011 -3.35520256712584847E-011
 -7.38335674680888943E-010 -3.68698073805827148E-010
         113   0.0000000000000000        0.0000000000000000     
 -2.18531561665834570E-012 -2.27782628292983139E-011
  2.84082566808894658E-010 -2.36371121368509016E-010
         114   0.0000000000000000        0.0000000000000000     
 -6.45268254935486474E-012 -4.32274335164686204E-011
  5.36485127768309445E-013 -9.65442073562755971E-011
         115   0.0000000000000000        0.0000000000000000     
 -2.41758089313935511E-011  5.61742486371083983E-012
  2.50805633199803038E-010  1.30805980793802884E-010
         116   0.0000000000000000        0.0000000000000000     
 -1.92239878404395652E-011 -2.41743534655002595E-011
 -1.85786487816436370E-010  3.28819803565542846E-010
         117   0.0000000000000000        0.0000000000000000     
  1.40171479009011877E-011 -9.07269225517743884E-012
 -3.57870498205902461E-010 -2.33801960252250903E-010
         118   0.0000000000000000        0.0000000000000000     
 -3.17439070124019174E-011 -2.13747428783799972E-011
  3.14869983885114808E-010 -1.60284507797774302E-010
         119   0.0000000000000000        0.0000000000000000     
 -1.46900002839277514E-011 -1.06551231052410254E-011
 -5.74767094927665142E-011  3.82194063915019775E-011
         120   0.0000000000000000        0.0000000000000000     
 -3.93804364236983599E-011  1.30017626915076465E-012
  3.41890195001999229E-010  2.69660114419037527E-010
         121   0.0000000000000000        0.0000000000000000     
 -2.56695632389497962E-011 -7.81261212886657902E-013
 -6.67182649058014145E-010  1.97824795198804437E-010
         122   0.0000000000000000        0.0000000000000000     
 -1.66163584608635306E-011  5.97886645953330656E-012
 -8.11552220547467699E-011 -6.50875961588220509E-010
         123   0.0000000000000000        0.0000000000000000     
 -1.41098161329188794E-011  2.30026994985506138E-011
  6.62825504562700536E-010 -4.26270457687800434E-012
         124   0.0000000000000000        0.0000000000000000     
 -2.78491516269187101E-011  3.90518141607293813E-012
 -4.37018886121512725E-010  6.13468992246468172E-010
         125   0.0000000000000000        0.0000000000000000     
 -1.85216644137066531E-011  1.39291500558664468E-011
 -6.84912950342697619E-011 -5.00036054558648546E-010
         126   0.0000000000000000        0.0000000000000000     
 -3.15549833724453646E-011  3.25481685277180398E-011
 -1.97937954556979957E-010  2.90657827720858203E-010
         127   0.0000000000000000        0.0000000000000000     
  3.16079818739232890E-011  3.94153951857570120E-011
  2.38976655751441448E-010 -5.97863248769139577E-010
         128   0.0000000000000000        0.0000000000000000     
 -1.58850786492248870E-011  2.67493654998550659E-011
  3.94441345347379492E-010  6.58260248997737550E-010
         129   0.0000000000000000        0.0000000000000000     
  1.53907918477501378E-011 -6.40801922396032116E-012
 -7.25455827545025787E-010 -1.11861008088430082E-010
         130   0.0000000000000000        0.0000000000000000     
 -3.65675111541423967E-012  3.64089837889151222E-011
  4.65112596178989667E-010 -5.48721753902361937E-010
         131   0.0000000000000000        0.0000000000000000     
  1.01106671442011312E-011  2.79702601664835654E-011
  1.53275712363436684E-010  5.20926256425038061E-010
         132   0.0000000000000000        0.0000000000000000     
  3.83389835172205803E-011  2.86686517009753590E-011
  1.32082314174088518E-011 -2.27292542470583546E-010
         133   0.0000000000000000        0.0000000000000000     
  5.53389238727096561E-012 -3.72580558124805476E-012
  5.72974940458466142E-011  6.70125347852060835E-010
         134   0.0000000000000000        0.0000000000000000     
  4.38409793547324349E-011  5.72654613802217660E-012
 -7.37503883084324276E-010 -6.47890901429737642E-010
         135   0.0000000000000000        0.0000000000000000     
  9.13071462633857192E-012  7.18647313924618793E-012
  1.02303195936808548E-009 -2.52489238094156119E-011
         136   0.0000000000000000        0.0000000000000000     
  2.90423115791005877E-011  7.01255381330172605E-012
 -4.67492443503057594E-010  6.37753594761792232E-010
         137   0.0000000000000000        0.0000000000000000     
  2.15453870155975879E-011 -8.83417432287765022E-012
 -9.38275996137477397E-011 -4.47366184204192581E-010
         138   0.0000000000000000        0.0000000000000000     
  3.76658746085112434E-011 -7.49179008404158974E-012
  2.37913319019946910E-010  2.91639808258048743E-010
         139   0.0000000000000000        0.0000000000000000     
  2.04857979700951036E-011 -2.98873416024717222E-011
 -6.89262322079155436E-010 -4.51293167993110225E-010
         140   0.0000000000000000        0.0000000000000000     
  1.52778298011021653E-011 -3.00194684114101877E-011
  1.11730145431850019E-009 -3.56681705069898414E-010
         141   0.0000000000000000        0.0000000000000000     
 -2.17966623467223024E-011 -6.96065330163124068E-012
 -6.90434778273805332E-010  9.26798310201820451E-010
         142   0.0000000000000000        0.0000000000000000     
  2.49575975824673863E-011 -3.08684539688052081E-011
 -1.19672238100000783E-010 -8.48670827514667300E-010
         143   0.0000000000000000        0.0000000000000000     
  6.19646406129720584E-012 -1.21853539094000581E-011
  2.67752716998114510E-010  1.95519054681563450E-010
         144   0.0000000000000000        0.0000000000000000     
 -4.86884299601468278E-012 -5.57252887120984943E-011
 -3.88985269206351146E-011 -2.12755915448943771E-010
         145   0.0000000000000000        0.0000000000000000     
 -2.37382495812819669E-011 -8.78554930596034912E-012
  2.73787944120979037E-010  2.41537044460702326E-010
         146   0.0000000000000000        0.0000000000000000     
 -3.23867987185813209E-011 -1.93570988722246133E-011
 -5.25912892325741591E-010  1.69540918317426957E-010
         147   0.0000000000000000        0.0000000000000000     
  3.46310210815364335E-012 -1.03056147338292213E-011
  1.54284467707885590E-010 -5.71394591001285902E-010
         148   0.0000000000000000        0.0000000000000000     
 -2.43457007535567829E-011 -1.43011536249549538E-011
  2.64089233029889738E-010  2.68051061486047844E-010
         149   0.0000000000000000        0.0000000000000000     
 -2.45100706255615385E-011 -9.53588760136035941E-012
  1.32880169198691961E-010  5.29241184913238052E-011
         150   0.0000000000000000        0.0000000000000000     
 -3.91075583756257150E-011 -9.72949287780566943E-012
 -4.32587250877871693E-010  6.65335811567876647E-010
         151   0.0000000000000000        0.0000000000000000     
 -2.45406656465584777E-011  1.11660664923020031E-011
 -4.12099587298932428E-010 -8.43015098666523682E-010
         152   0.0000000000000000        0.0000000000000000     
 -3.09742588042059616E-011  1.97329809243732236E-011
  7.04800009467645303E-010  2.14755646724967142E-010
         153   0.0000000000000000        0.0000000000000000     
 -9.12451507948209225E-012  2.43289339737699413E-011
 -3.08817432626902082E-010  4.08256756797974425E-010
         154   0.0000000000000000        0.0000000000000000     
 -2.04014456833932793E-011  9.95814702927548922E-012
 -2.28697426753335559E-010 -2.75669682647462545E-010
         155   0.0000000000000000        0.0000000000000000     
 -8.27578110217706862E-012  8.65797683768775508E-012
  2.10994181263037841E-010  2.55887613103238570E-010
         156   0.0000000000000000        0.0000000000000000     
 -3.23881313442932806E-011  3.63764960488368480E-011
 -6.30204944646901060E-010 -3.34688491611328347E-010
         157   0.0000000000000000        0.0000000000000000     
  1.74097418044082821E-011  3.53298397448560500E-011
  9.18948622657710495E-010 -1.41400313011900199E-010
         158   0.0000000000000000        0.0000000000000000     
  6.22949995761076687E-013  2.94350673771319714E-011
 -4.29487022173763073E-010  7.06813024836029430E-010
         159   0.0000000000000000        0.0000000000000000     
  1.71684098626377804E-011 -2.25301669253020944E-012
 -3.31354662823012205E-010 -6.74959077879802242E-010
         160   0.0000000000000000        0.0000000000000000     
  1.77995008340008833E-012  2.87997353721922032E-011
  5.40939826650996194E-010 -1.53392282140185257E-010
         161   0.0000000000000000        0.0000000000000000     
 -4.29204100553016377E-012  1.84083821960802859E-011
 -1.77568030019251285E-011  2.53459267814330355E-010
         162   0.0000000000000000        0.0000000000000000     
  3.73990126456164195E-011  3.11965919502157891E-011
  1.43601448711967597E-010  7.55993367516251282E-011
         163   0.0000000000000000        0.0000000000000000     
  1.58852680260402999E-011 -1.43134820321256889E-012
 -3.46718455965148561E-010  1.09808781682313351E-010
         164   0.0000000000000000        0.0000000000000000     
  4.10395941739141223E-011  9.53139501536743967E-012
  3.03204761386486182E-010 -4.93088024696406095E-010
         165   0.0000000000000000        0.0000000000000000     
  1.08508963356551781E-011 -5.87730563371990903E-012
  1.58162866039546510E-010  3.26536636564390697E-010
         166   0.0000000000000000        0.0000000000000000     
  3.05106022483072946E-011  2.20402356859983398E-012
  2.13755093010724705E-010 -8.09120833339497467E-011
         167   0.0000000000000000        0.0000000000000000     
  1.03080597116766890E-011 -5.37858552301369968E-012
 -3.41435372057545149E-010  5.06930119507800800E-010
         168   0.0000000000000000        0.0000000000000000     
  4.25204066527006601E-011 -2.00123212882046464E-011
 -1.68580353537312658E-010 -6.80496990222719010E-010
         169   0.0000000000000000        0.0000000000000000     
  2.48175119073857176E-011 -4.77797553043173122E-012
  5.17121661704221729E-010  1.87931490864619671E-011
         170   0.0000000000000000        0.0000000000000000     
  4.01634988991843002E-012 -5.74749133612491367E-011
 -1.16144539247226477E-010  4.43819643531399598E-010
         171   0.0000000000000000        0.0000000000000000     
 -3.11759639997556617E-012 -5.96057012382873647E-012
 -4.13336452401735708E-010 -3.74795837220324501E-010
         172   0.0000000000000000        0.0000000000000000     
 -5.23660313014240648E-012 -2.66526071732191382E-011
  2.70241412301287203E-010  8.57123034551684868E-011
         173   0.0000000000000000        0.0000000000000000     
  1.83417227693312714E-011 -1.31409218322840789E-011
 -1.88849476477016661E-010 -1.17853632340341125E-010
         174   0.0000000000000000        0.0000000000000000     
 -1.06313445544527750E-011 -3.82932202557898059E-011
  2.29891815999682190E-010  2.81831007823293887E-012
         175   0.0000000000000000        0.0000000000000000     
 -2.04477977942224016E-011 -3.31269467139654305E-011
 -1.30743674263734848E-010  1.88829321621563673E-010
         176   0.0000000000000000        0.0000000000000000     
 -2.91593960331014284E-011 -1.06968531301555948E-011
 -2.98687716840866915E-010 -3.35438172875644335E-010
         177   0.0000000000000000        0.0000000000000000     
 -1.52831109033402042E-011 -4.08415323079703073E-012
  4.66356061925480585E-010 -4.28420188893102381E-011
         178   0.0000000000000000        0.0000000000000000     
 -2.23550258460769444E-011 -1.36244913027476050E-011
 -2.44935355280221414E-010  7.39088522083962287E-011
         179   0.0000000000000000        0.0000000000000000     
 -2.20590545290187071E-011 -1.63297974356706235E-013
  4.62802157114139517E-010  1.07520641979295724E-010
         180   0.0000000000000000        0.0000000000000000     
 -3.52580219497935538E-011 -1.55559063899635055E-011
 -8.04723775201285564E-010  3.73793078653548515E-010
         181   0.0000000000000000        0.0000000000000000     
 -1.90939420667784036E-011  1.59884940336259107E-011
  3.28791107295968437E-010 -8.90472026730986430E-010
         182   0.0000000000000000        0.0000000000000000     
 -4.22356103580736788E-011  1.83437156050973527E-011
  3.03857301452768150E-010  7.98283767805782140E-010
         183   0.0000000000000000        0.0000000000000000     
 -1.27953386152565971E-012  2.29299433909496762E-011
 -5.19045429701014112E-010 -1.48293760069803224E-010
         184   0.0000000000000000        0.0000000000000000     
 -1.50985376246555857E-011  2.86750457783406354E-011
  3.27229665202993351E-010 -4.40248042189808430E-011
         185   0.0000000000000000        0.0000000000000000     
 -7.00002205481337435E-012 -6.00948476747536282E-012
 -4.84772799811473270E-010  2.85809480391792937E-010
         186   0.0000000000000000        0.0000000000000000     
 -1.49166095016580120E-011  3.79163847079233566E-011
  2.40396428234449608E-010 -8.38101664969275725E-010
         187   0.0000000000000000        0.0000000000000000     
 -1.25299180523276479E-011  3.16530260960201827E-011
  3.50426723010328953E-010  9.23172840522407946E-010
         188   0.0000000000000000        0.0000000000000000     
  2.13843903415275550E-011  3.20304420139473328E-011
 -6.94866204070184213E-010 -4.34584552334730013E-010
         189   0.0000000000000000        0.0000000000000000     
  1.43085320192664963E-011  1.09926781706146823E-011
  4.99545361950931847E-010 -1.61066312279501676E-010
         190   0.0000000000000000        0.0000000000000000     
  1.30215535877134042E-011  1.67939158591967181E-011
 -2.02994461709450392E-011  1.18969040959960361E-010
         191   0.0000000000000000        0.0000000000000000     
 -2.75859002388007952E-013  1.44730499372988121E-011
  7.34536062227418154E-011 -2.88588844122159358E-011
         192   0.0000000000000000        0.0000000000000000     
  3.23323534225577335E-011  2.83113336978230331E-011
 -4.65765964413992608E-011  2.57464067383564953E-010
         193   0.0000000000000000        0.0000000000000000     
  2.07513967630623511E-011  1.23332428611367144E-012
 -1.55576299978199995E-010 -4.25680797410189184E-010
         194   0.0000000000000000        0.0000000000000000     
  3.98273786299296938E-011  5.70341435537616216E-012
  5.30454091451941324E-010  2.26226660023087892E-010
         195   0.0000000000000000        0.0000000000000000     
  1.83397245894111777E-011 -1.35574017735578669E-011
 -4.03145742908159251E-010 -1.34984564836527967E-010
         196   0.0000000000000000        0.0000000000000000     
  2.35484498618489073E-011 -1.25919117753403069E-011
  7.34081297890409451E-010  6.16354542547323046E-011
         197   0.0000000000000000        0.0000000000000000     
  7.98727086576055276E-012 -7.08291058585611676E-012
 -8.05103343021929451E-010  4.75751825670525942E-010
         198   0.0000000000000000        0.0000000000000000     
  2.52655149542987683E-011 -1.80333076374172253E-011
  2.49054007294285299E-010 -9.23840012097929208E-010
         199   0.0000000000000000        0.0000000000000000     
  2.10191359007220553E-011 -4.47388487768551729E-012
  5.10786145687174134E-010  6.43143314950994404E-010
         200   0.0000000000000000        0.0000000000000000     
  6.89034298812953171E-012 -5.10621390756222117E-011
 -7.28768086268668626E-010  3.09327713598619595E-011
         201   0.0000000000000000        0.0000000000000000     
 -1.56752937709436611E-012 -1.34163833838988342E-011
  4.20321807171423119E-010 -4.21036057950300727E-010
         202   0.0000000000000000        0.0000000000000000     
 -1.58913708685546475E-011 -1.88487984925852622E-011
 -3.95264488139464196E-010  5.60257008622521257E-010
         203   0.0000000000000000        0.0000000000000000     
  1.11076653083024512E-011 -1.51590113976525071E-011
  8.12712955979827318E-011 -7.78719766925660711E-010
         204   0.0000000000000000        0.0000000000000000     
 -4.37840307490741248E-012 -1.81823935618669327E-011
  3.65674408882752416E-010  5.76500009089872060E-010
         205   0.0000000000000000        0.0000000000000000     
 -1.43862466338165907E-011 -3.85973992753570511E-011
 -5.53383961104095005E-010 -7.04938853880777756E-011
         206   0.0000000000000000        0.0000000000000000     
 -2.69299842988596427E-011 -1.44078617720648976E-011
  1.25398479836932667E-010 -4.88485501992336003E-010
         207   0.0000000000000000        0.0000000000000000     
 -1.92176876395669880E-011 -2.51955909941471893E-012
  2.90104462554379667E-010  2.82825066165055906E-010
         208   0.0000000000000000        0.0000000000000000     
 -2.56757436871686167E-011 -1.05879496639251863E-011
 -2.43962654803800557E-010 -1.05615350770628662E-010
         209   0.0000000000000000        0.0000000000000000     
 -1.20827877745592787E-011  7.54503201817764531E-013
  2.04054691434172611E-010  1.52857591509640931E-010
         210   0.0000000000000000        0.0000000000000000     
 -3.23600428619194423E-011 -5.65783606076284943E-012
 -3.58934171627568572E-010 -1.23771404262770477E-010
         211   0.0000000000000000        0.0000000000000000     
 -1.92875044018198774E-011  4.32831889002843309E-012
  3.58015772986382001E-010 -9.02449795207671435E-011
         212   0.0000000000000000        0.0000000000000000     
 -3.43131497738081835E-011  1.90633790128015979E-011
 -1.74529229633451092E-010  1.78597450869745825E-010
         213   0.0000000000000000        0.0000000000000000     
 -1.44642903109130852E-011  2.16116144693535415E-011
  1.40129140159006014E-010 -3.63555219628738054E-011
         214   0.0000000000000000        0.0000000000000000     
 -5.60350352726448783E-012  3.02509374584939644E-011
 -8.27554200444815207E-011  2.56194340116374148E-010
         215   0.0000000000000000        0.0000000000000000     
 -6.61952278675084017E-013  1.55229874235644042E-012
 -2.67125844978732241E-010 -1.88016858189883209E-010
         216   0.0000000000000000        0.0000000000000000     
 -1.07780797102217781E-011  2.78096049822479773E-011
  4.32106586446936905E-010 -8.75099637084915439E-011
         217   0.0000000000000000        0.0000000000000000     
 -1.27621947374946965E-011  2.13795972527349434E-011
 -3.36266838335097086E-010  3.92304246996535620E-010
         218   0.0000000000000000        0.0000000000000000     
  1.73147210206217461E-011  3.94407087386131597E-011
  9.93143413080341333E-011 -2.71092315134307264E-010
         219   0.0000000000000000        0.0000000000000000     
  1.35925031425821325E-011  1.25903157731731547E-011
 -8.74455917348733180E-011  1.13677434232006061E-010
         220   0.0000000000000000        0.0000000000000000     
  2.26344671192467776E-011  1.33415899817422671E-011
  1.89748164598179761E-010 -7.85793053857083301E-011
         221   0.0000000000000000        0.0000000000000000     
 -2.58908325489720050E-013  8.30251203088925120E-012
 -1.51103397128458813E-010  1.49749240133942255E-010
         222   0.0000000000000000        0.0000000000000000     
  3.03230666831944377E-011  1.63197011066064042E-011
 -6.02610929201495911E-011 -1.86078873562584257E-010
         223   0.0000000000000000        0.0000000000000000     
  1.30486738400037402E-011  1.21884403892666465E-011
  2.77230531527278951E-010 -4.48233304332386147E-011
         224   0.0000000000000000        0.0000000000000000     
  3.27659500268062048E-011 -6.94765488601287444E-012
 -2.02488731164406426E-010  1.62186964216271815E-010
         225   0.0000000000000000        0.0000000000000000     
  2.42758649276300942E-011  1.57121993019544247E-012
  2.52943681079723157E-010 -3.76214501230971025E-010
         226   0.0000000000000000        0.0000000000000000     
  1.31817321090499115E-011 -2.43456266663846054E-011
  5.25338251734850451E-011  5.12113197941873088E-010
         227   0.0000000000000000        0.0000000000000000     
  1.66114167613977411E-011 -7.35530327635016540E-012
 -4.18600194980039431E-010 -3.99623058273097098E-010
         228   0.0000000000000000        0.0000000000000000     
  7.71922883754537836E-012 -1.18370365328323961E-011
  5.68235184102571849E-010 -6.30570794007109753E-011
         229   0.0000000000000000        0.0000000000000000     
  1.83214114843940503E-011 -9.11732393664998147E-012
 -2.18801340886117523E-010  4.50755643361579052E-010
         230   0.0000000000000000        0.0000000000000000     
  1.68840674644763244E-011 -2.81379300073334730E-011
 -1.87381782851139962E-010 -4.36412987987164213E-010
         231   0.0000000000000000        0.0000000000000000     
 -5.02366450814994703E-012 -2.65262218527271041E-011
  4.51582830531209856E-010  2.22983538136103447E-010
         232   0.0000000000000000        0.0000000000000000     
 -8.46749461693386109E-012 -2.07457434744060411E-011
 -6.27025272129119446E-010  1.80847806976170453E-011
         233   0.0000000000000000        0.0000000000000000     
 -3.27386638363785777E-012 -9.09509648105941815E-012
  5.04763504593085789E-010 -3.05277378537109649E-010
         234   0.0000000000000000        0.0000000000000000     
 -2.64945718307778531E-012 -1.75498639795565535E-011
 -2.52494353060199721E-010  3.29407439853296441E-010
         235   0.0000000000000000        0.0000000000000000     
 -4.12829569251406113E-012 -2.52620330775022215E-011
  6.06528466891864202E-011 -2.64240877852836362E-010
         236   0.0000000000000000        0.0000000000000000     
 -2.80210540234870583E-011 -2.11714065282221138E-011
 -6.01193562006254179E-011  1.79587357001010572E-011
         237   0.0000000000000000        0.0000000000000000     
 -1.62064030471416978E-011 -4.08191271560394584E-012
  1.03850247955777280E-010 -8.66631475072197347E-011
         238   0.0000000000000000        0.0000000000000000     
 -2.96196843299481441E-011 -2.95773064716436481E-012
  3.43962804758989365E-011  2.71518113663664582E-010
         239   0.0000000000000000        0.0000000000000000     
 -9.82443007212399683E-012 -1.19141956553622494E-012
 -3.91366181318939855E-010 -1.77556032605737166E-010
         240   0.0000000000000000        0.0000000000000000     
 -2.17896314730079629E-011  7.55962229719227533E-012
  5.28638346195796816E-010 -1.07200791019407001E-010
         241   0.0000000000000000        0.0000000000000000     
 -1.81822747783039833E-011 -5.58568328219660578E-012
 -3.99020036040869990E-010  3.83731727355466804E-010
         242   0.0000000000000000        0.0000000000000000     
 -1.87443553960688517E-011  1.75531483407161740E-011
  2.18373650458155713E-010 -4.73520426588061836E-010
         243   0.0000000000000000        0.0000000000000000     
 -2.44245542685702389E-011  1.31821400360244922E-011
  4.04603777922374399E-011  6.02723585199265130E-010
         244   0.0000000000000000        0.0000000000000000     
 -3.07653917196253146E-012  2.81701302924996648E-011
 -4.03706592838767544E-010 -3.55855657349563237E-010
         245   0.0000000000000000        0.0000000000000000     
  2.16336355228857552E-012  9.83952473254645553E-012
  4.99799759396083331E-010 -3.11196073225166392E-011
         246   0.0000000000000000        0.0000000000000000     
 -6.87093405821692382E-012  1.64798855528945257E-011
 -2.43596625096926466E-010  4.26498501279652454E-010
         247   0.0000000000000000        0.0000000000000000     
 -7.48524491038876298E-012  1.13160203166879628E-011
 -1.20841262573864135E-010 -4.24039772392701994E-010
         248   0.0000000000000000        0.0000000000000000     
 -1.80108837876686976E-013  3.47424253088426144E-011
  2.59852210396770424E-010  4.01106520002779100E-010
         249   0.0000000000000000        0.0000000000000000     
  1.14409680527341804E-011  1.86808601331091764E-011
 -3.95822599278654133E-010 -2.33896377623926165E-010
         250   0.0000000000000000        0.0000000000000000     
  2.43154722550175210E-011  1.40017585395786365E-011
  3.94848037189772613E-010  4.10500315275778124E-011
         251   0.0000000000000000        0.0000000000000000     
  3.49116745426546598E-012  8.45898548095949290E-012
 -2.38529318440267847E-010  7.61304637586901891E-011
         252   0.0000000000000000        0.0000000000000000     
  1.93619203469727130E-011  9.08062511127543933E-012
  1.04064358519986085E-010 -1.86673850353447425E-010
         253   0.0000000000000000        0.0000000000000000     
  1.32470891039664984E-011  1.61003371547822288E-011
  1.13020911867508734E-010  1.93420553092457097E-010
         254   0.0000000000000000        0.0000000000000000     
  2.70953164586579327E-011 -2.96534319662678472E-012
 -1.81427588519808999E-010 -2.39420313324383018E-010
         255   0.0000000000000000        0.0000000000000000     
  2.54028060156478485E-011  5.85278106226153311E-012
  4.76001144681688744E-010  1.41637122175282151E-010
         256   0.0000000000000000        0.0000000000000000     
  1.72052005806261471E-011 -2.00297580113523270E-011
 -4.66116434251864643E-010  8.72594746621270589E-011
         257   0.0000000000000000        0.0000000000000000     
  1.92346429784465484E-011 -9.38498538418068429E-012
  3.48688562351740251E-010 -3.59192380267338396E-010
         258   0.0000000000000000        0.0000000000000000     
  2.91381395346621507E-012 -1.42621702211934305E-011
 -8.05514985991010274E-012  3.77993661937209921E-010
         259   0.0000000000000000        0.0000000000000000     
  1.68789428046774652E-011 -8.48934264175563116E-012
 -1.62352262610330317E-010 -1.96779732298848069E-010
         260   0.0000000000000000        0.0000000000000000     
  1.51945335295661665E-011 -1.63720270127425246E-011
  2.55192414734773459E-010  8.35364966699026459E-012
         261   0.0000000000000000        0.0000000000000000     
  5.35543649687934688E-012 -3.00732451616562157E-011
 -1.88365941513901253E-010  2.09448709856171337E-010
         262   0.0000000000000000        0.0000000000000000     
 -6.41322791537551622E-012 -2.42139108867013707E-011
 -3.70905956976285276E-011 -3.67045899255764587E-010
         263   0.0000000000000000        0.0000000000000000     
 -9.23159893556763274E-012 -1.06921092717803571E-011
  1.68320139017631978E-010  2.82313215249049949E-010
         264   0.0000000000000000        0.0000000000000000     
 -6.04988757745517222E-012 -1.39349223038410894E-011
 -2.37013910701807263E-010 -1.71074442253378710E-010
         265   0.0000000000000000        0.0000000000000000     
 -1.34768079927754783E-012 -1.72527446831490996E-011
  1.48040033843924092E-010  3.54063098024574949E-011
         266   0.0000000000000000        0.0000000000000000     
 -2.12302388977941318E-011 -2.14167873130139636E-011
 -9.37104217593876646E-011 -3.31987360348213566E-011
         267   0.0000000000000000        0.0000000000000000     
 -1.75986590673691473E-011 -8.19012727319143866E-012
 -2.56876165493182444E-011 -3.91592471412494085E-011
         268   0.0000000000000000        0.0000000000000000     
 -2.42564656834756268E-011 -2.97697144791845332E-012
 -8.27421645568134648E-012  2.09892037051081593E-011
         269   0.0000000000000000        0.0000000000000000     
 -1.53916723888755458E-011  1.72095161662810561E-012
  2.77264656769917639E-011 -1.31510372722333533E-010
         270   0.0000000000000000        0.0000000000000000     
 -1.76738884302775741E-011  6.03646956897657355E-012
  2.85673760269772859E-011  3.02732377395686777E-010
         271   0.0000000000000000        0.0000000000000000     
 -1.15834476745004437E-011 -1.77588567658775819E-012
 -1.89686587777028775E-010 -3.36934207835603171E-010
         272   0.0000000000000000        0.0000000000000000     
 -1.80418407669612813E-011  1.25415917858068206E-011
  3.64044963674355188E-010  2.54073556416853320E-010
         273   0.0000000000000000        0.0000000000000000     
 -1.90343302610869747E-011  2.86169283212857276E-012
 -4.13266932442471393E-010  4.89813551213437014E-011
         274   0.0000000000000000        0.0000000000000000     
 -1.21412445173100911E-011  2.76620835821450371E-011
  1.94859722048465566E-010 -2.07149563227295005E-010
         275   0.0000000000000000        0.0000000000000000     
 -2.14354067841271573E-012  1.42409215027351045E-011
  5.61648649941096472E-011  2.64229791916041023E-010
         276   0.0000000000000000        0.0000000000000000     
  1.61461241833822512E-012  1.54815908664251123E-011
 -1.63766227828370092E-010 -4.63812016558958716E-011
         277   0.0000000000000000        0.0000000000000000     
 -8.74038266317262495E-012  9.60203039828207538E-012
  1.53338428610277811E-010 -9.07996740899445002E-012
         278   0.0000000000000000        0.0000000000000000     
 -1.52141769454517833E-012  2.03659232918028425E-011
 -1.67454818964544736E-010  1.59514555438213069E-010
         279   0.0000000000000000        0.0000000000000000     
  3.98082053432245475E-013  2.81178694597739905E-011
  8.07757491299842338E-011 -1.57416307296427467E-010
         280   0.0000000000000000        0.0000000000000000     
  2.40328654143042887E-011  1.51639526497110213E-011
 -2.50824687547265786E-011  1.42641949326280325E-010
         281   0.0000000000000000        0.0000000000000000     
  9.83848259626219678E-012  1.27117954673579375E-011
  9.22214543445294155E-011 -1.26445692549578238E-010
         282   0.0000000000000000        0.0000000000000000     
  1.46003779242940894E-011  4.04414034881767171E-012
 -2.30677503303061151E-011  1.22337467577887536E-010
         283   0.0000000000000000        0.0000000000000000     
  1.40967228360285432E-011  1.21697597879401497E-011
 -1.15509474561301845E-011 -6.83034701515843748E-011
         284   0.0000000000000000        0.0000000000000000     
  1.96074152228846638E-011  4.60933191822272548E-012
  1.13074255391307506E-010 -3.04117382538403944E-011
         285   0.0000000000000000        0.0000000000000000     
  2.27133734463045696E-011  2.25146437295105775E-012
 -8.24221211504947474E-011  1.19227084609639926E-010
         286   0.0000000000000000        0.0000000000000000     
  2.09879424219198029E-011 -8.21466270195381515E-012
  1.65951518051925297E-010 -2.58265463295325091E-010
         287   0.0000000000000000        0.0000000000000000     
  1.75221702112625297E-011 -1.22984255220041655E-011
 -5.11986932025817551E-012  3.70472557998639447E-010
         288   0.0000000000000000        0.0000000000000000     
  9.69382379743692085E-012 -1.58324706960628043E-011
 -1.71114781018320530E-010 -3.57079774013255888E-010
         289   0.0000000000000000        0.0000000000000000     
  6.84814515229958440E-012 -5.74581024968852315E-012
  2.83899249436871404E-010  1.55721857099112328E-010
         290   0.0000000000000000        0.0000000000000000     
  1.27833322115610101E-011 -1.42131767238296715E-011
 -2.55305425678283666E-010  1.28593075227612565E-011
         291   0.0000000000000000        0.0000000000000000     
  1.40123057747150339E-011 -1.72062509818000833E-011
  1.96189108495758265E-010 -1.79725350816126843E-010
         292   0.0000000000000000        0.0000000000000000     
 -1.24303241353298439E-012 -2.92471696631871672E-011
 -7.00691033870105788E-011  2.14465027637214076E-010
         293   0.0000000000000000        0.0000000000000000     
 -6.54461270287389390E-012 -1.69059504640813182E-011
 -8.36425218481403574E-011 -2.73399290281899635E-010
         294   0.0000000000000000        0.0000000000000000     
 -1.25683069498811155E-011 -1.18635024187373088E-011
  1.50141444344803302E-010  2.42989417808702611E-010
         295   0.0000000000000000        0.0000000000000000     
  1.20054089947164804E-012 -1.37570408747331113E-011
 -3.24816525474681834E-010 -2.18189188255293936E-010
         296   0.0000000000000000        0.0000000000000000     
 -1.21628285999506981E-011 -1.83943428029641082E-011
  3.62819991743801784E-010  2.49354260037165348E-011
         297   0.0000000000000000        0.0000000000000000     
 -1.71000429901697048E-011 -1.64824757771982448E-011
 -3.51158644103307490E-010  8.39955432312757571E-011
         298   0.0000000000000000        0.0000000000000000     
 -2.26791854852287137E-011 -5.40636161886255142E-012
  1.40642328393538251E-010 -2.20691124274360499E-010
         299   0.0000000000000000        0.0000000000000000     
 -2.03057621110724152E-011 -8.23866973741559781E-013
  3.96810406721750226E-011  2.19973604112372929E-010
         300   0.0000000000000000        0.0000000000000000     
 -1.77478724540975472E-011  3.98583227603392678E-012
 -2.52761471318677939E-010 -8.70990039722677702E-011
         301   0.0000000000000000        0.0000000000000000     
 -1.26868817727331915E-011  3.52736328337814195E-012
  3.00535643144092306E-010 -3.91544868269073005E-011
         302   0.0000000000000000        0.0000000000000000     
 -1.80095221437621872E-011  7.15194880653236944E-012
 -2.91037561982200093E-010  2.07476258851376436E-010
         303   0.0000000000000000        0.0000000000000000     
 -1.59086821140506789E-011  3.84071525380405894E-012
  1.38069504432116431E-010 -2.39047729492116932E-010
         304   0.0000000000000000        0.0000000000000000     
 -1.87422330570114377E-011  2.02410317069344558E-011
 -2.90758536185060938E-011  2.70434342592620834E-010
         305   0.0000000000000000        0.0000000000000000     
 -8.00622184824767446E-012  2.06550946430240305E-011
 -1.45611734492216364E-010 -9.45185911070815494E-011
         306   0.0000000000000000        0.0000000000000000     
  4.20228509675647604E-012  1.97851436971949093E-011
  1.70795479078270494E-010  1.97031785303174867E-013
         307   0.0000000000000000        0.0000000000000000     
 -5.91339623317813324E-012  1.07907458340472821E-011
 -1.36512546455768593E-010  1.89011397722659699E-010
         308   0.0000000000000000        0.0000000000000000     
  2.42580292705209222E-012  1.48893792275915109E-011
 -2.89524318878358979E-011 -2.14213867052019468E-010
         309   0.0000000000000000        0.0000000000000000     
 -5.44442947328073232E-012  2.68317542258718482E-011
  1.18434452751042059E-010  1.87707148483917149E-010
         310   0.0000000000000000        0.0000000000000000     
  2.09468686829489719E-011  1.81491946431517285E-011
 -9.73073401456885559E-011 -8.53423865443043015E-011
         311   0.0000000000000000        0.0000000000000000     
  1.30147270532192809E-011  1.41849654029868265E-011
  1.29099635061144804E-010  1.10399251024292616E-010
         312   0.0000000000000000        0.0000000000000000     
  1.73414768124051286E-011  2.21466123839409751E-012
 -1.13904835371593708E-010 -1.15742988481303685E-010
         313   0.0000000000000000        0.0000000000000000     
  1.34091209858693692E-011  8.98002504954158606E-012
  1.81506591912718408E-010  2.46176169056033300E-011
         314   0.0000000000000000        0.0000000000000000     
  1.45332814784168687E-011  2.68018093089017717E-012
 -6.25497522310387882E-011  5.44411241476084909E-011
         315   0.0000000000000000        0.0000000000000000     
  1.98419608171470410E-011  3.46860601822172928E-012
  3.93707074449025270E-011 -1.38867792555183748E-010
         316   0.0000000000000000        0.0000000000000000     
  1.79883768233190784E-011 -3.94835600092589467E-012
  1.85126492242432216E-010  1.94430150675836795E-010
         317   0.0000000000000000        0.0000000000000000     
  1.90754695248471281E-011 -8.43131710427589652E-012
 -2.74825767498299561E-010 -1.21826921388279491E-010
         318   0.0000000000000000        0.0000000000000000     
  1.43618506953761927E-011 -1.49416728208139629E-011
  3.30595761756575012E-010 -3.29702543379683963E-011
         319   0.0000000000000000        0.0000000000000000     
  4.16995382052218963E-012 -1.07834934043535688E-011
 -2.29307867601194815E-010  1.16770249614886811E-010
         320   0.0000000000000000        0.0000000000000000     
  1.05908732532510403E-011 -1.06001577339485504E-011
  9.10717919859322193E-011 -1.91522381183860536E-010
         321   0.0000000000000000        0.0000000000000000     
  1.09851290935470509E-011 -1.09411501448658190E-011
  9.32234084813112261E-011  1.54834600582817180E-010
         322   0.0000000000000000        0.0000000000000000     
  9.00102562301576776E-012 -2.40700530095453853E-011
 -2.16103418630674169E-010 -7.11621690350098844E-011
         323   0.0000000000000000        0.0000000000000000     
 -2.30831907026923642E-012 -2.32104531243231131E-011
  2.06912422234831589E-010 -1.42521101714493072E-010
         324   0.0000000000000000        0.0000000000000000     
 -1.39691610092652565E-011 -1.76235851919022036E-011
 -1.59395656270664185E-010  1.89589905609780207E-010
         325   0.0000000000000000        0.0000000000000000     
 -2.92965690380482451E-012 -9.94307677544045574E-012
 -1.01726785160990630E-011 -2.53722056291009095E-010
         326   0.0000000000000000        0.0000000000000000     
 -9.26510052554546470E-012 -1.49476323160312715E-011
  5.66306314153624680E-011  1.32906926096502075E-010
         327   0.0000000000000000        0.0000000000000000     
 -1.07643034105676052E-011 -1.76164947862841973E-011
 -7.42660413176581396E-011 -1.19788596875796187E-010
         328   0.0000000000000000        0.0000000000000000     
 -2.36692452881084463E-011 -1.09887722845653845E-011
 -1.60172356611346512E-011  6.21191407687512970E-011
         329   0.0000000000000000        0.0000000000000000     
 -1.91601381869975937E-011 -4.72537859329702330E-012
 -4.98647969076440241E-011 -1.01617611305540786E-010
         330   0.0000000000000000        0.0000000000000000     
 -2.19795808780255189E-011  5.06644403731127708E-012
  3.95475146028403007E-011  3.33643271328617291E-011
         331   0.0000000000000000        0.0000000000000000     
 -1.46611478474053149E-011  2.60398686166862320E-012
 -6.65268990761458159E-011  5.92886509706520321E-011
         332   0.0000000000000000        0.0000000000000000     
 -1.49508105118615342E-011  9.22581407179439540E-012
  1.75411676012335592E-011 -1.17445196325845790E-010
         333   0.0000000000000000        0.0000000000000000     
 -1.50685200039743037E-011  2.17275457820474106E-012
  3.89155816102305102E-012  2.09221369473068015E-010
         334   0.0000000000000000        0.0000000000000000     
 -1.68888401785112261E-011  1.42862877074285965E-011
 -1.25953218849881937E-010 -1.67877102028817435E-010
         335   0.0000000000000000        0.0000000000000000     
 -1.69189061115484947E-011  1.87031899079395836E-011
  9.65670398776208058E-011  1.34984377761189897E-010
         336   0.0000000000000000        0.0000000000000000     
  1.06201989771947405E-012  2.35901732895002081E-011
 -9.37672733742948060E-011 -9.66677871334646607E-012
         337   0.0000000000000000        0.0000000000000000     
 -5.67879182891810972E-013  1.52691024881282859E-011
  5.74852063826571426E-011 -4.44520763323272835E-012
         338   0.0000000000000000        0.0000000000000000     
  2.56440431041978245E-012  1.22648562681480229E-011
  4.97975317942414953E-012  1.12765785535070909E-010
         339   0.0000000000000000        0.0000000000000000     
 -5.11479576169557610E-012  1.91271263188733840E-011
 -1.07358234837238773E-010 -8.08664468376398376E-011
         340   0.0000000000000000        0.0000000000000000     
  1.01677075352806315E-011  2.36662412662661197E-011
  1.71200994028092559E-010  8.13159032029786228E-011
         341   0.0000000000000000        0.0000000000000000     
  1.60259588728037412E-011  1.65711618261326543E-011
 -1.48644132990850754E-010  1.95967802819189254E-011
         342   0.0000000000000000        0.0000000000000000     
  1.89657720153126405E-011  7.30935730564634529E-012
  1.97124193690583674E-010 -5.79932787307464075E-011
         343   0.0000000000000000        0.0000000000000000     
  1.49017795487925648E-011  6.24984403373203102E-012
 -1.12397249063596427E-010  1.16675190004977282E-010
         344   0.0000000000000000        0.0000000000000000     
  1.46793091351193196E-011  2.81456587581681201E-012
  1.00975035103835510E-010 -1.63700644507643790E-010
         345   0.0000000000000000        0.0000000000000000     
  1.68698372249985827E-011  5.09317293689191186E-012
  7.14351168107409786E-011  1.78599524798743247E-010
         346   0.0000000000000000        0.0000000000000000     
  2.02205463135963364E-011 -3.50485932726578471E-012
 -1.48896950195166010E-010 -1.03132221281659735E-010
         347   0.0000000000000000        0.0000000000000000     
  1.94760443981202656E-011 -2.70549734956841591E-012
  2.93810240574373254E-010 -5.40147143043099408E-011
         348   0.0000000000000000        0.0000000000000000     
  1.83540780232327522E-011 -1.61911265256989106E-011
 -2.11590485181236957E-010  1.97670588519212098E-010
         349   0.0000000000000000        0.0000000000000000     
  9.63557561410109200E-012 -1.46823777108969225E-011
  1.36279114083271147E-010 -3.08242183037596897E-010
         350   0.0000000000000000        0.0000000000000000     
  5.53533565542348484E-012 -1.34843121380921789E-011
  7.36611088407934211E-012  2.46364635188904099E-010
         351   0.0000000000000000        0.0000000000000000     
  1.02120457553420191E-011 -1.06535064056085574E-011
 -7.29513607981107723E-011 -1.65132837368818928E-010
         352   0.0000000000000000        0.0000000000000000     
  8.36053445100351777E-012 -1.92582059623266227E-011
  8.76268297949661124E-011  1.32224600016400493E-011
         353   0.0000000000000000        0.0000000000000000     
  2.83458758042762047E-012 -2.61414151126901452E-011
 -7.53519563637573225E-011 -1.13514691120377654E-011
         354   0.0000000000000000        0.0000000000000000     
 -1.30184588762189302E-011 -2.16750505788571009E-011
  3.87902004805369624E-011 -1.29922086016623259E-010
         355   0.0000000000000000        0.0000000000000000     
 -1.01516034774990460E-011 -1.09524818478711421E-011
 -1.19661671738041651E-011  1.05708991334326275E-010
         356   0.0000000000000000        0.0000000000000000     
 -1.01928937527471532E-011 -1.19990378920462781E-011
 -5.16803170572112410E-011 -1.24696224749970680E-010
         357   0.0000000000000000        0.0000000000000000     
 -9.37215081500845698E-012 -1.30680791202942988E-011
  4.48689147376000630E-011  6.56779401999267231E-011
         358   0.0000000000000000        0.0000000000000000     
 -1.88862589912634421E-011 -1.17930206890122071E-011
 -9.60309770927842082E-011 -8.93942198770529733E-011
         359   0.0000000000000000        0.0000000000000000     
 -1.85258605465316797E-011 -6.30596817960153082E-012
  7.21394033029413739E-011  3.54048837797158676E-011
         360   0.0000000000000000        0.0000000000000000     
 -2.14795137732947779E-011  2.65325897236620943E-012
 -1.06404300929351431E-010 -1.97746651325463960E-012
         361   0.0000000000000000        0.0000000000000000     
 -1.66233350429647006E-011  1.85117867231831624E-012
  4.17064240336877586E-011 -3.11200192006114961E-011
         362   0.0000000000000000        0.0000000000000000     
 -1.49052585090304275E-011  1.10218997745501721E-011
  1.22690066766126461E-011  1.30484539658159503E-010
         363   0.0000000000000000        0.0000000000000000     
 -1.21199266653601871E-011  2.42141267382498975E-012
 -2.18471669913067186E-010 -8.51609448998401013E-011
         364   0.0000000000000000        0.0000000000000000     
 -1.39586437970700715E-011  1.15794879853151713E-011
  2.72720761687302803E-010 -2.41962485956580292E-011
         365   0.0000000000000000        0.0000000000000000     
 -1.92008657296143660E-011  1.10002250088292837E-011
 -2.79140882430250251E-010  1.98172111509654497E-010
         366   0.0000000000000000        0.0000000000000000     
 -7.07197902887530377E-012  2.38622972758361482E-011
  8.96311514615203987E-011 -2.02862997229213611E-010
         367   0.0000000000000000        0.0000000000000000     
 -2.25302464335972472E-012  2.17235821208679318E-011
  3.93456776108344483E-011  2.09244166551319168E-010
         368   0.0000000000000000        0.0000000000000000     
  5.51343508946674547E-012  1.36514311588939768E-011
 -1.57988627020624279E-010 -4.33798203008427026E-011
         369   0.0000000000000000        0.0000000000000000     
 -1.99345171046066570E-012  1.51916231059885756E-011
  1.61326978541845927E-010 -7.19946208290881618E-011
         370   0.0000000000000000        0.0000000000000000     
  1.78358293554603929E-012  2.07552500215417017E-011
 -9.74206115928949472E-011  1.76288248495387938E-010
         371   0.0000000000000000        0.0000000000000000     
  1.40236321384060040E-011  2.26886934026581997E-011
  6.47684617483051120E-011 -1.35698417540829288E-010
         372   0.0000000000000000        0.0000000000000000     
  1.92687373981372020E-011  1.33801051397691629E-011
  3.88950159359733397E-011  1.61639469196309547E-010
         373   0.0000000000000000        0.0000000000000000     
  1.94979798703445128E-011  6.14943847384555962E-012
 -2.42745163493348484E-011 -1.01956788313600323E-010
         374   0.0000000000000000        0.0000000000000000     
  1.67176456018077768E-011  2.57595388081706038E-012
  1.04220613757362176E-010  5.80775844603708621E-011
         375   0.0000000000000000        0.0000000000000000     
  1.64662373716634822E-011  3.05553510194907393E-012
 -3.83576238564485972E-011  6.81449256132315548E-013
         376   0.0000000000000000        0.0000000000000000     
  1.98953168103742034E-011 -5.18521191820745895E-013
  6.46586817367424689E-011 -3.23517754564706259E-011
         377   0.0000000000000000        0.0000000000000000     
  1.91317362413179301E-011 -2.94398528711229460E-012
  4.30364481949711803E-011  6.16970750783155886E-011
         378   0.0000000000000000        0.0000000000000000     
  2.23138296099407454E-011 -1.24264481084178414E-011
 -1.78157641726914758E-011 -7.81507296133793531E-011
         379   0.0000000000000000        0.0000000000000000     
  1.41987864861188938E-011 -1.75946649284292595E-011
  1.08505060032219538E-010  8.97701510448833052E-011
         380   0.0000000000000000        0.0000000000000000     
  5.58275411547219945E-012 -1.91344237953163617E-011
 -1.58251414727471691E-010 -1.14860989365290856E-010
         381   0.0000000000000000        0.0000000000000000     
  5.83561990316984342E-012 -1.11308224094120708E-011
  1.89045789061298764E-010  9.78420145310045659E-012
         382   0.0000000000000000        0.0000000000000000     
  6.24191845243684343E-012 -1.74266248369575427E-011
 -1.13720185567209255E-010  2.65627566773997825E-011
         383   0.0000000000000000        0.0000000000000000     
  7.44779271236510419E-012 -2.21914115244602254E-011
  3.18003930321582588E-011 -8.88243824170104973E-011
         384   0.0000000000000000        0.0000000000000000     
 -1.06115979275434901E-011 -2.67142438689160596E-011
  2.49638275886476114E-011  1.09783615464240883E-011
         385   0.0000000000000000        0.0000000000000000     
 -1.29059978070566524E-011 -1.46592056655293786E-011
 -1.00858421698188996E-010 -5.80663252418738967E-011
         386   0.0000000000000000        0.0000000000000000     
 -1.43967287994012217E-011 -1.09839420759700346E-011
  9.86181999531644254E-011  8.86780769670326868E-012
         387   0.0000000000000000        0.0000000000000000     
 -9.30998577435025001E-012 -1.03031612105778663E-011
 -1.51316949250838220E-010 -2.95639171545376352E-011
         388   0.0000000000000000        0.0000000000000000     
 -1.60200406493530761E-011 -1.06000527136213227E-011
  1.47487583278963592E-010 -4.63887115459636577E-011
         389   0.0000000000000000        0.0000000000000000     
 -1.84290806194191025E-011 -9.01433310403237320E-012
 -1.55859347956860131E-010  9.42010376863490478E-011
         390   0.0000000000000000        0.0000000000000000     
 -2.21236341517982126E-011  8.31260468413441193E-013
  2.07921986719265267E-011 -1.47671093380293750E-010
         391   0.0000000000000000        0.0000000000000000     
 -1.94131147092584280E-011  1.33591250009967500E-012
  3.45340144056906342E-011  1.22042356738689751E-010
         392   0.0000000000000000        0.0000000000000000     
 -1.76486833919920171E-011  1.12107200614242946E-011
 -1.41240525761952931E-010 -4.34540306399761150E-012
         393   0.0000000000000000        0.0000000000000000     
 -1.24734147863948808E-011  8.08737396336783562E-012
  8.12441825751002992E-011 -8.67443685991958228E-011
         394   0.0000000000000000        0.0000000000000000     
 -1.23240897557733084E-011  1.00491113792559236E-011
 -2.95130287472990699E-011  1.78400758876952752E-010
         395   0.0000000000000000        0.0000000000000000     
 -1.65380322359171257E-011  1.11936075437941556E-011
 -8.67123232466204168E-011 -1.39856319214065628E-010
         396   0.0000000000000000        0.0000000000000000     
 -1.16935790843708054E-011  2.16096120396509277E-011
  8.76730161589384399E-011  1.43748380811498551E-010
         397   0.0000000000000000        0.0000000000000000     
 -3.85052704386917688E-012  2.57760426899003287E-011
 -1.35138668791070526E-010 -1.09214225697500494E-012
         398   0.0000000000000000        0.0000000000000000     
  8.41185895861241255E-012  1.93006827101217055E-011
  7.64118483616345280E-011 -4.14958692921572702E-011
         399   0.0000000000000000        0.0000000000000000     
  3.44237453092065327E-012  1.34799850199507491E-011
  1.90762077886944204E-011  1.14949810902831548E-010
         400   0.0000000000000000        0.0000000000000000     
  4.53763572433501948E-012  1.64458177494655539E-011
 -6.48905271637652004E-011 -7.85570270789996074E-011
         401   0.0000000000000000        0.0000000000000000     
  9.74297867608842731E-012  2.06476829686173246E-011
  1.05286323360775350E-010  1.06131310871092057E-010
         402   0.0000000000000000        0.0000000000000000     
  1.91241940505600661E-011  1.47021658986767354E-011
 -4.93534650181136718E-011 -5.53320460128138512E-011
         403   0.0000000000000000        0.0000000000000000     
  1.95068949568192753E-011  7.39272543306552021E-012
  9.75872576261147795E-011  1.12940195431091835E-010
         404   0.0000000000000000        0.0000000000000000     
  1.97792309841669558E-011  1.29003774673102356E-012
 -9.15307701390083980E-011 -1.11901528003628091E-010
         405   0.0000000000000000        0.0000000000000000     
  1.56483216735244361E-011  1.09399841178359361E-012
  2.03915901540765045E-010  6.30078250430062337E-011
         406   0.0000000000000000        0.0000000000000000     
  1.72356588990737466E-011 -2.53106243952714757E-012
 -1.59773973996417262E-010  5.03996264866867504E-011
         407   0.0000000000000000        0.0000000000000000     
  1.72069492906304132E-011 -2.29286543068370247E-012
  1.28563558579140236E-010 -1.22947175945771950E-010
         408   0.0000000000000000        0.0000000000000000     
  1.98437439495006098E-011 -8.26976874817419580E-012
  1.54287962958686062E-011  1.36722101173114722E-010
         409   0.0000000000000000        0.0000000000000000     
  1.84325477324284609E-011 -1.49099753927467913E-011
 -8.06569612521578731E-011 -1.14535781888680406E-010
         410   0.0000000000000000        0.0000000000000000     
  9.30259372638606388E-012 -2.13310065593133235E-011
  1.71880220784932805E-010 -3.39418355755662037E-011
         411   0.0000000000000000        0.0000000000000000     
  3.19888536191100263E-012 -1.65710218604892100E-011
 -1.35333004479938633E-010  8.55558331294783275E-011
         412   0.0000000000000000        0.0000000000000000     
  3.21926838717984450E-012 -1.51266967668387621E-011
  7.55473773934380199E-011 -1.55257468716847515E-010
         413   0.0000000000000000        0.0000000000000000     
  6.81049820775290809E-012 -1.72165528131681372E-011
 -8.13618177362195828E-012  8.60400746580458150E-011
         414   0.0000000000000000        0.0000000000000000     
 -3.34719178517793178E-012 -2.75321986711098255E-011
 -4.36549457996380159E-011 -9.09405652810506216E-011
         415   0.0000000000000000        0.0000000000000000     
 -1.25207738545155046E-011 -2.08333224371962855E-011
  5.12849582393620508E-011 -7.99851384333974799E-011
         416   0.0000000000000000        0.0000000000000000     
 -1.88773157823896561E-011 -1.31008745825441460E-011
 -4.37828950267570378E-011  1.13225389492055974E-010
         417   0.0000000000000000        0.0000000000000000     
 -1.24613159628928669E-011 -9.19273120631701762E-012
 -3.84319852865584724E-011 -1.63238631130870146E-010
         418   0.0000000000000000        0.0000000000000000     
 -1.63066373012527139E-011 -7.08566097958305242E-012
  4.27218032096533878E-011  1.22342370173927286E-010
         419   0.0000000000000000        0.0000000000000000     
 -1.65229141559617575E-011 -1.01252901843464536E-011
 -8.63564897422958764E-011 -1.07945008184351585E-010
         420   0.0000000000000000        0.0000000000000000     
 -2.32594316950964157E-011 -2.58675000105744273E-013
  5.29217247562090878E-011  6.59950751062543857E-011
         421   0.0000000000000000        0.0000000000000000     
 -2.11004713665603069E-011  9.23952598623348714E-013
 -1.17867707180480137E-010 -1.52283623176950122E-011
         422   0.0000000000000000        0.0000000000000000     
 -2.05470006567225113E-011  1.26063287504878533E-011
  6.10107712298896000E-011 -2.74879245322011857E-011
         423   0.0000000000000000        0.0000000000000000     
 -1.44490224261858260E-011  1.32389947961437396E-011
 -5.49515730582742521E-011  1.15882015178557002E-010
         424   0.0000000000000000        0.0000000000000000     
 -8.22045482064389255E-012  1.24737159669721043E-011
 -4.63740936470370649E-011 -8.85051940540255742E-011
         425   0.0000000000000000        0.0000000000000000     
 -1.26281378384406747E-011  1.25293841655247899E-011
  7.53829704647397281E-011  9.68016397903928669E-011
         426   0.0000000000000000        0.0000000000000000     
 -1.09049693904004319E-011  1.80625080787943337E-011
 -1.52330696215061525E-010 -1.07495029432762566E-011
         427   0.0000000000000000        0.0000000000000000     
 -4.63852642797777466E-012  2.62300115351015802E-011
  1.19011871200447097E-010  1.15696341123644880E-011
         428   0.0000000000000000        0.0000000000000000     
  8.35605400471485438E-012  2.19322694114393201E-011
 -8.40343254664481444E-011  6.41903062824968445E-011
         429   0.0000000000000000        0.0000000000000000     
  9.45288981766605556E-012  1.37062692944071139E-011
  5.49548385100324274E-011 -1.10940457064996330E-011
         430   0.0000000000000000        0.0000000000000000     
  7.18936001119011021E-012  1.27668865433277923E-011
 -8.09536301712317997E-012  2.06785687602152824E-011
         431   0.0000000000000000        0.0000000000000000     
  7.87432388766356985E-012  1.48081629256993007E-011
 -2.29528150754838582E-011  2.25807861409828373E-011
         432   0.0000000000000000        0.0000000000000000     
  1.60394328184790849E-011  1.47805778226022615E-011
  9.31152849756824760E-011 -2.87424202745690886E-011
         433   0.0000000000000000        0.0000000000000000     
  1.85348828156390716E-011  8.36787560708295934E-012
 -5.92077446936631133E-011  8.88436437363404420E-011
         434   0.0000000000000000        0.0000000000000000     
  2.05823250146342301E-011  1.95659420221465234E-012
  1.06071453925701320E-010 -1.08784716674825841E-010
         435   0.0000000000000000        0.0000000000000000     
  1.61992263214313406E-011 -5.25746521359741672E-013
 -8.31651662619145660E-012  1.39084513374085001E-010
         436   0.0000000000000000        0.0000000000000000     
  1.69532766634988573E-011 -4.63189713161351826E-012
 -2.12430477484836543E-011 -1.23340028706620151E-010
         437   0.0000000000000000        0.0000000000000000     
  1.43118728880438722E-011 -3.34439321748808921E-012
  1.20027961508885058E-010  6.25521678834807969E-011
         438   0.0000000000000000        0.0000000000000000     
  1.74945810143735788E-011 -7.66968954733888197E-012
 -1.12193029251896348E-010  1.50672519178482436E-011
         439   0.0000000000000000        0.0000000000000000     
  1.81175738684994207E-011 -1.16001795424805656E-011
  1.19940238500086331E-010 -1.30592793667636693E-010
         440   0.0000000000000000        0.0000000000000000     
  1.18903585338096995E-011 -2.13895890919211485E-011
  1.06745561712531250E-011  1.43630775746370121E-010
         441   0.0000000000000000        0.0000000000000000     
  3.68669315647298851E-012 -2.05930323223267478E-011
 -9.02058817508303023E-011 -1.62164576367988037E-010
         442   0.0000000000000000        0.0000000000000000     
 -1.73291231327914724E-012 -1.61290566482215843E-011
  1.26045316173507445E-010  4.95641168414407531E-011
         443   0.0000000000000000        0.0000000000000000     
  2.46949239991729404E-012 -1.44097848795313839E-011
 -1.10371578050438251E-010 -2.50133472591429189E-011
         444   0.0000000000000000        0.0000000000000000     
 -1.46780782760711773E-012 -2.12538455111005289E-011
  4.84583813596430948E-011 -5.39229263073260275E-011
         445   0.0000000000000000        0.0000000000000000     
 -9.74056789261165504E-012 -2.20162282629486376E-011
 -2.59148542808833837E-013 -1.79267325802409919E-011
         446   0.0000000000000000        0.0000000000000000     
 -1.81866760591704857E-011 -1.38147341789823064E-011
 -6.17167700970596454E-011 -6.90659080783166124E-012
         447   0.0000000000000000        0.0000000000000000     
 -1.55271776134816121E-011 -8.96289647663719853E-012
  4.28405404246145162E-011 -3.26352457504632150E-011
         448   0.0000000000000000        0.0000000000000000     
 -1.61380750395984177E-011 -3.67080546674245224E-012
 -8.75915693198606091E-011  2.22855497644393354E-011
         449   0.0000000000000000        0.0000000000000000     
 -1.43782152061504628E-011 -7.05096648568188063E-012
  5.30431811255976691E-011 -3.74395974171539898E-011
         450   0.0000000000000000        0.0000000000000000     
 -1.88872831156702590E-011 -1.03712971303324057E-012
 -8.54625209630020685E-011  2.80975528016114880E-011
         451   0.0000000000000000        0.0000000000000000     
 -1.95621003302894983E-011  2.21448292637695728E-013
  3.33243890709258857E-011 -4.24287080033021176E-011
         452   0.0000000000000000        0.0000000000000000     
 -2.01107282132165392E-011  8.69465287643044040E-012
 -4.71547771583149551E-011  8.23860126674394195E-011
         453   0.0000000000000000        0.0000000000000000     
 -1.66604694748515220E-011  1.32099953864778211E-011
 -5.88628311313069639E-011 -5.86495276617114714E-011
         454   0.0000000000000000        0.0000000000000000     
 -8.29579621916571954E-012  1.59781932664519423E-011
  8.01876861714601737E-011  6.42568556469703917E-011
         455   0.0000000000000000        0.0000000000000000     
 -8.29961712156313007E-012  1.18352022249173078E-011
 -1.37239011075522818E-010  2.72123546180062722E-011
         456   0.0000000000000000        0.0000000000000000     
 -8.32000857650329191E-012  1.48836256978183632E-011
  1.10352800720490404E-010 -7.98096947733319282E-011
         457   0.0000000000000000        0.0000000000000000     
 -8.28288719546024908E-012  2.03939091501692681E-011
 -7.10609105480395515E-011  1.88465324796147599E-010
         458   0.0000000000000000        0.0000000000000000     
  4.26038652741934597E-012  2.52117482587501577E-011
 -1.78589285263941625E-011 -1.38746817916062284E-010
         459   0.0000000000000000        0.0000000000000000     
  1.06784876744827398E-011  1.71078861143024899E-011
  7.58308731857827022E-011  1.43399978888524059E-010
         460   0.0000000000000000        0.0000000000000000     
  1.08445673794438103E-011  1.20364729473993062E-011
 -5.67444424924484468E-011 -6.07743179932015047E-011
         461   0.0000000000000000        0.0000000000000000     
  8.68350466210262794E-012  1.12752971681940862E-011
  6.60664226447585303E-011  3.62014051460304509E-011
         462   0.0000000000000000        0.0000000000000000     
  1.25949972578087283E-011  1.29470990985442061E-011
 -1.47033168386229791E-011  2.80553796904533145E-011
         463   0.0000000000000000        0.0000000000000000     
  1.77131654155721285E-011  1.06881909745693968E-011
  4.08936806816193382E-011 -3.36935455833955579E-011
         464   0.0000000000000000        0.0000000000000000     
  2.08388384518123358E-011  3.06403515347745030E-012
  3.06643887529789254E-011  8.34564536712026699E-011
         465   0.0000000000000000        0.0000000000000000     
  1.89955517591807144E-011 -1.20211763464354600E-012
 -3.38040974384543009E-012 -8.54662739860660628E-011
         466   0.0000000000000000        0.0000000000000000     
  1.74530800483568972E-011 -6.80981834365676831E-012
  6.05150890050658126E-011  6.38936934051294678E-011
         467   0.0000000000000000        0.0000000000000000     
  1.31657243243360933E-011 -7.06316322003569636E-012
 -2.05980286881530430E-011 -4.50216960797529807E-011
         468   0.0000000000000000        0.0000000000000000     
  1.37035936538797035E-011 -8.02688868047737997E-012
  2.81931015545736306E-011 -7.90754969757565438E-013
         469   0.0000000000000000        0.0000000000000000     
  1.50683448505528268E-011 -1.02868056179069434E-011
  3.12733898408901591E-011  1.37153375360665318E-014
         470   0.0000000000000000        0.0000000000000000     
  1.24333011250382452E-011 -1.97504872487520702E-011
 -2.92796564816293268E-011 -3.90473087819933775E-011
         471   0.0000000000000000        0.0000000000000000     
  3.83893959836928125E-012 -2.06817278981614285E-011
  6.87038130346593103E-011 -2.06646206369379421E-011
         472   0.0000000000000000        0.0000000000000000     
 -4.75214589688437995E-012 -1.82540982750455787E-011
 -9.15750140795949240E-011 -2.07353634301117885E-012
         473   0.0000000000000000        0.0000000000000000     
 -1.77918288752539173E-012 -1.15644234713194842E-011
  8.13773939526071028E-011 -7.93247199959255422E-011
         474   0.0000000000000000        0.0000000000000000     
 -2.99109675627413283E-012 -1.50640583784704349E-011
 -5.73508113151861709E-011  7.57435065372047549E-011
         475   0.0000000000000000        0.0000000000000000     
 -5.15165794181839646E-012 -1.83609514983192418E-011
  7.43939221241066281E-012 -1.18536986259468273E-010
         476   0.0000000000000000        0.0000000000000000     
 -1.52417081159503729E-011 -1.39745903821409767E-011
  8.65741844380643992E-013  5.50543578975642036E-011
         477   0.0000000000000000        0.0000000000000000     
 -1.53447506381136501E-011 -9.66238983635060578E-012
 -7.13259347110213124E-011 -4.89202391471521414E-011
         478   0.0000000000000000        0.0000000000000000     
 -1.54357712659501365E-011 -2.82244049741930849E-012
  5.51677572745112336E-011 -2.98781366836684350E-011
         479   0.0000000000000000        0.0000000000000000     
 -1.36899214807602119E-011 -4.35951227119340567E-012
 -7.83932371832292052E-011  7.32814819657563063E-011
         480   0.0000000000000000        0.0000000000000000     
 -1.44197459466845752E-011 -1.19245325870147929E-012
  3.00505240615218628E-011 -1.20521450078919685E-010
         481   0.0000000000000000        0.0000000000000000     
 -1.75396415448575925E-011 -2.53114243359135547E-013
 -1.54347152841672655E-011  1.41081754759846725E-010
         482   0.0000000000000000        0.0000000000000000     
 -1.74553960371948922E-011  4.85095678615775882E-012
 -8.31926670643071347E-011 -9.35568200588724063E-011
         483   0.0000000000000000        0.0000000000000000     
 -1.78101762447831700E-011  1.07608754007076997E-011
  5.75839894548559611E-011  3.51352821738381171E-011
         484   0.0000000000000000        0.0000000000000000     
 -1.09533773628847820E-011  1.60161826818446684E-011
 -6.11830804055241933E-011  7.36625765444850416E-011
         485   0.0000000000000000        0.0000000000000000     
 -6.19666420255720258E-012  1.41250536650295017E-011
 -2.49412038536278900E-011 -7.09892924047047033E-011
         486   0.0000000000000000        0.0000000000000000     
 -5.24813854199792207E-012  1.33299362403486742E-011
  7.08951319177602977E-011  8.88959029950583631E-011
         487   0.0000000000000000        0.0000000000000000     
 -7.05091895409070278E-012  1.49235351945959682E-011
 -1.22148892008577417E-010 -3.21931343399817642E-012
         488   0.0000000000000000        0.0000000000000000     
 -7.29577771331752398E-013  2.28688687677367352E-011
  9.81001535151937995E-011 -1.27916125077586267E-011
         489   0.0000000000000000        0.0000000000000000     
  8.21131787994776849E-012  1.95686693882439000E-011
 -5.00611968785845094E-011  9.17631522002181225E-011
         490   0.0000000000000000        0.0000000000000000     
  1.28626251523190846E-011  1.31829392160208296E-011
  2.96566818689346552E-011 -5.67848181770728663E-011
         491   0.0000000000000000        0.0000000000000000     
  1.02032505051965409E-011  9.54615192809743392E-012
  3.80320721920334728E-011  5.38449986075013408E-011
         492   0.0000000000000000        0.0000000000000000     
  1.12302093498049575E-011  9.05140262296686102E-012
 -2.55185225738864990E-011  8.78943784101161568E-013
         493   0.0000000000000000        0.0000000000000000     
  1.35993755188929086E-011  1.04854487762110146E-011
  6.84110904554924022E-011 -6.62054203273942285E-013
         494   0.0000000000000000        0.0000000000000000     
  1.88618502593872077E-011  4.71285557348990631E-012
 -4.08373029268112583E-011  3.60167494443243564E-011
         495   0.0000000000000000        0.0000000000000000     
  1.84329558536435560E-011  5.28943966923756192E-013
  9.97471183642651338E-011 -5.05054230052455493E-011
         496   0.0000000000000000        0.0000000000000000     
  1.80222806302968932E-011 -5.81831707852730343E-012
 -4.90775499200023494E-011  6.17283732834610319E-011
         497   0.0000000000000000        0.0000000000000000     
  1.39046314193853281E-011 -8.28727352688371816E-012
  7.30994133546034384E-011 -8.56702964868672539E-011
         498   0.0000000000000000        0.0000000000000000     
  1.06144072887096606E-011 -9.22072305368600774E-012
 -1.14247534033733283E-011  6.71347795608068754E-011
         499   0.0000000000000000        0.0000000000000000     
  1.21679921063858967E-011 -8.38124927415099850E-012
 -5.36852867152929595E-012 -6.25354042843582710E-011
         500   0.0000000000000000        0.0000000000000000     
  1.16999282732916786E-011 -1.44772924751361405E-011
  5.72124577772359240E-011 -9.48885564944773368E-012
         501   0.0000000000000000        0.0000000000000000     
  8.14749141064816521E-012 -1.89450459314908172E-011
 -3.00230030981473563E-011  1.51649241832218513E-011
         502   0.0000000000000000        0.0000000000000000     
 -2.92368672466217847E-012 -2.04938982695851117E-011
  5.29374729417306854E-012 -9.24529960921134619E-011
         503   0.0000000000000000        0.0000000000000000     
 -4.33330883985881010E-012 -1.31211834923555171E-011
  2.89390195878521501E-011  5.47823187594818095E-011
         504   0.0000000000000000        0.0000000000000000     
 -4.76373485155873857E-012 -1.19612026634213506E-011
 -7.94477970189705431E-011 -5.66589504988032245E-011
         505   0.0000000000000000        0.0000000000000000     
 -3.08860762492800090E-012 -1.42231444744469834E-011
  7.61132767737341212E-011 -1.97132124757252625E-011
         506   0.0000000000000000        0.0000000000000000     
 -1.10244527427543029E-011 -1.52046041268836203E-011
 -7.40754179283289834E-011  1.75191954462874653E-011
         507   0.0000000000000000        0.0000000000000000     
 -1.47368258612568945E-011 -1.15744245860749396E-011
  7.19975091458400362E-012 -7.17802627945335443E-011
         508   0.0000000000000000        0.0000000000000000     
 -1.68657625191980272E-011 -4.32166860551052507E-012
 -2.71811802777465438E-012  5.65283075890042458E-011
         509   0.0000000000000000        0.0000000000000000     
 -1.44066231422580039E-011 -2.33586473123842009E-012
 -6.96807061130422367E-011 -5.91311185233736455E-011
         510   0.0000000000000000        0.0000000000000000     
 -1.40938405982012008E-011  4.70123546821628824E-013
  6.73137131231112188E-011  5.00630101483235832E-011
         511   0.0000000000000000        0.0000000000000000     
 -1.43856778121692656E-011  5.17094359584285443E-013
 -1.21864238511939325E-010 -2.94171793171700825E-011
         512   0.0000000000000000        0.0000000000000000     
 -1.57274976066434849E-011  4.08077896838135726E-012
  8.76649032756229947E-011  1.21899396642806378E-011
