   4096.0   4096   tlen(s),np                                                   
   1.d-2 re                                                                     
   1.d-10  ratc                                                                 
   1.d-5   ratl                                                                 
   1.d-2                                                                        
    0   512                                                                     
   10   nzone                                                                   
   3480.0   3630.0     7.9565  -6.4761   5.5283  -3.0807                        
                       6.9254   1.4672  -2.0834   0.9783                        
                       6.9254   1.4672  -2.0834   0.9783  312.0                 
   3630.0   5600.0     7.9565  -6.4761   5.5283  -3.0807                        
                      11.1671 -13.7818  17.4575  -9.2777                        
                      11.1671 -13.7818  17.4575  -9.2777  312.0                 
   5600.0   5701.0     7.9565  -6.4761   5.5283  -3.0807                        
                      22.3459 -17.2473  -2.0834   0.9783                        
                      22.3459 -17.2473  -2.0834   0.9783  312.0                 
   5701.0   5771.0     5.3197  -1.4836   0.0000   0.0000                        
                       9.9839  -4.9324   0.0000   0.0000                        
                       9.9839  -4.9324   0.0000   0.0000  143.0                 
   5771.0   5971.0    11.2494  -8.0298   0.0000   0.0000                        
                      22.3512 -18.5856   0.0000   0.0000                        
                      22.3512 -18.5856   0.0000   0.0000  143.0                 
   5971.0   6151.0     7.1089  -3.8045   0.0000   0.0000                        
                       8.9496  -4.4597   0.0000   0.0000                        
                       8.9496  -4.4597   0.0000   0.0000  143.0                 
   6151.0   6291.0     2.6910   0.6924   0.0000   0.0000                        
                       5.8582  -1.4678   0.0000   0.0000                        
                      -1.0839   5.7176   0.0000   0.0000   80.0                 
   6291.0   6346.6     2.6910   0.6924   0.0000   0.0000                        
                       5.8582  -1.4678   0.0000   0.0000                        
                      -1.0839   5.7176   0.0000   0.0000  600.0                 
   6346.6   6356.0     2.9000   0.0000   0.0000   0.0000                        
                       3.9000   0.0000   0.0000   0.0000                        
                       3.9000   0.0000   0.0000   0.0000  600.0                 
   6356.0   6371.0     2.6000   0.0000   0.0000   0.0000                        
                       3.2000   0.0000   0.0000   0.0000                        
                       3.2000   0.0000   0.0000   0.0000  600.0                 
   5728.0   -5.77 110.33 r0(km), lat, lon (deg)                                 
    -8.328    -0.550    -2.571     5.991    -4.384     2.337                    
   3   nr                                                                       
      34.1000 -118.2000 lat,lon (deg)                                           
      38.1000  -91.2000 lat,lon (deg)                                           
      42.5000  -71.7000 lat,lon (deg)                                           
./PASsh.spc                                                                     
./CCMsh.spc                                                                     
./HRVsh.spc                                                                     
