 VERSION172
   3000.0000000000000     
        3000
   1.5350567286626969E-003   38.100000000000001       -91.200000000000003     
  -20.989999999999998       -179.02000000000001        5749.8999999999996     
           0   0.0000000000000000        0.0000000000000000     
   0.0000000000000000        0.0000000000000000     
   0.0000000000000000        0.0000000000000000     
           1   0.0000000000000000        0.0000000000000000     
   4.3843391093190719E-012  -1.3665201285992136E-011
   7.9450088159966762E-012  -8.0230727175086735E-012
           2   0.0000000000000000        0.0000000000000000     
   1.6461696304691232E-012   4.6073079085935932E-012
  -3.0701688454340044E-012   2.3499469386931256E-012
           3   0.0000000000000000        0.0000000000000000     
   2.3743286875296724E-012  -9.5712468769820983E-012
   1.3437762660044933E-011  -1.5869844143305047E-011
           4   0.0000000000000000        0.0000000000000000     
   2.1386945282613105E-012  -4.5725178656141888E-012
   1.8456301592634803E-012   3.9533045208558158E-012
           5   0.0000000000000000        0.0000000000000000     
  -1.1216359631843900E-013  -2.3861964364056340E-013
  -5.1111599756792023E-012  -3.3189201775930664E-013
           6   0.0000000000000000        0.0000000000000000     
  -1.4601686893255891E-012  -4.9327685906883355E-012
  -1.4887774648982393E-011  -1.7459288692762777E-011
           7   0.0000000000000000        0.0000000000000000     
  -5.6907156640537095E-012  -7.5836831974805465E-012
   1.5091414605897105E-011  -2.6909983054609631E-011
           8   0.0000000000000000        0.0000000000000000     
  -5.7398884636247568E-013  -3.3115106299354206E-012
   1.3020427377594812E-012   1.8308527599003809E-011
           9   0.0000000000000000        0.0000000000000000     
  -2.9543212853659962E-012   9.4874146085108097E-013
  -2.2132917537122868E-012  -7.1805011541857946E-012
          10   0.0000000000000000        0.0000000000000000     
  -3.4729273907565563E-012  -2.7502670940911311E-012
  -4.1323269436435340E-013   2.0557992292156857E-011
          11   0.0000000000000000        0.0000000000000000     
  -4.3050662661290294E-012   2.7254100764170119E-012
  -3.4940649301148690E-011   2.9216706255252964E-012
          12   0.0000000000000000        0.0000000000000000     
  -5.7394642846097210E-012   6.3066988317850729E-013
  -1.0876427033816988E-011  -1.9590124759630431E-011
          13   0.0000000000000000        0.0000000000000000     
  -4.0175793506408004E-012   3.0986792704513454E-012
   4.6521851304899293E-012  -3.7501698851646388E-012
          14   0.0000000000000000        0.0000000000000000     
   4.4255245454732254E-013  -1.7771546157330246E-013
   8.7043276687583756E-012   6.6630835359402439E-012
          15   0.0000000000000000        0.0000000000000000     
  -5.2954171639290378E-012   6.2244155955253440E-012
  -2.6333700967863628E-011   2.2160913528115854E-012
          16   0.0000000000000000        0.0000000000000000     
  -1.3526728349861151E-012   2.2970645744928879E-012
   4.2788731429555305E-011  -1.4182678954003112E-011
          17   0.0000000000000000        0.0000000000000000     
   6.3222167134709414E-012   4.8778693766298945E-012
  -3.5083976297438745E-012   7.6085088789094090E-011
          18   0.0000000000000000        0.0000000000000000     
  -9.5757843739959545E-013   4.8086477007474655E-012
  -4.7765834209918250E-011  -2.1038985606308802E-011
          19   0.0000000000000000        0.0000000000000000     
  -1.3654660400096222E-013   4.4640530726983670E-012
  -1.3287806513767148E-012  -6.0717766647349983E-012
          20   0.0000000000000000        0.0000000000000000     
   3.3328075614664088E-012   1.1510492518864904E-012
   2.6227768196268521E-011  -3.5084976816211138E-011
          21   0.0000000000000000        0.0000000000000000     
   5.4877506820998002E-012  -1.8100057247858225E-012
   3.9439352881592562E-011   4.2955261185790560E-011
          22   0.0000000000000000        0.0000000000000000     
   4.8300511913855778E-012   2.8184409607027462E-012
  -1.8406110422039718E-011   8.9149882848828482E-012
          23   0.0000000000000000        0.0000000000000000     
   2.6078965983424059E-012  -6.7009944036277347E-013
  -6.8884319247982670E-014   1.6299967842963169E-011
          24   0.0000000000000000        0.0000000000000000     
   3.6796260038248939E-012   1.2699326866694644E-012
  -3.3879065792764161E-011  -2.3953642030262061E-011
          25   0.0000000000000000        0.0000000000000000     
   1.8659305850524201E-012  -6.1438378888153353E-012
   4.6737971992856058E-011  -5.1182997396880091E-011
          26   0.0000000000000000        0.0000000000000000     
   2.7765252801067318E-012  -5.0773861968290656E-012
   2.9227182562078113E-011   3.9386194927558391E-011
          27   0.0000000000000000        0.0000000000000000     
   1.5368988973190382E-012  -1.7693737784039281E-012
  -2.2924228026936340E-011  -7.9919804949525660E-013
          28   0.0000000000000000        0.0000000000000000     
   1.5334513955471921E-012  -1.4000653973755091E-012
  -7.3032813549088475E-012   8.9577515529305296E-012
          29   0.0000000000000000        0.0000000000000000     
  -4.1714783466205025E-012  -7.2603817773958778E-012
  -1.5802050636188390E-011  -4.2299101082070195E-011
          30   0.0000000000000000        0.0000000000000000     
  -6.3822085626353314E-013  -1.2101796248214142E-012
   9.5190941006563116E-012   3.4113836115391660E-011
          31   0.0000000000000000        0.0000000000000000     
  -3.6534860249930669E-012  -4.1594232381149658E-013
  -5.0645003067005325E-011  -5.4692480027982335E-011
          32   0.0000000000000000        0.0000000000000000     
  -2.6651595871267542E-012  -5.4440575658475769E-012
   7.4905262660303278E-011  -1.7567591144507871E-012
          33   0.0000000000000000        0.0000000000000000     
  -2.1248364186779418E-012  -4.2012337840548553E-013
  -3.0217253188418577E-011   3.3012065391081475E-011
          34   0.0000000000000000        0.0000000000000000     
  -3.8382283474379589E-012   1.1084444850772612E-014
  -9.3672359997037410E-013   1.6726903475312229E-011
          35   0.0000000000000000        0.0000000000000000     
  -2.6020481235627857E-012   3.4563998671597293E-012
  -5.5680591777318851E-011   5.0923853486752460E-012
          36   0.0000000000000000        0.0000000000000000     
  -5.2590232541814761E-012   4.8662515548001274E-013
  -4.0398401128700001E-014  -3.6702608852419224E-011
          37   0.0000000000000000        0.0000000000000000     
  -1.8684981824532032E-012   1.3235927544217909E-012
   2.7206157258381041E-012  -1.3700057775098055E-011
          38   0.0000000000000000        0.0000000000000000     
  -4.9908984491947368E-012   3.4741522494808620E-012
   5.1423613858656916E-011  -9.5254776846076230E-012
          39   0.0000000000000000        0.0000000000000000     
   4.3866691478526410E-012   4.2322921395862529E-012
   1.1970323384114723E-011   9.8233756157802295E-011
          40   0.0000000000000000        0.0000000000000000     
  -7.2708043152566734E-013   4.1149082197346873E-012
  -8.9540117679268743E-011  -3.0775829459246319E-011
          41   0.0000000000000000        0.0000000000000000     
  -1.3108748561024416E-012   3.7811226727927783E-012
   5.0177018831275427E-011  -2.1645135130759758E-011
          42   0.0000000000000000        0.0000000000000000     
   2.8281665718759001E-012   3.6015351864842760E-012
  -2.8248246166706757E-011   1.0196816634059928E-011
          43   0.0000000000000000        0.0000000000000000     
   4.7390198103933257E-012   1.6620378160196941E-012
   3.6364798896708085E-011  -8.1374159329497250E-012
          44   0.0000000000000000        0.0000000000000000     
   2.1060420216150632E-012   1.2565469822923512E-012
  -2.1777172260600138E-011  -1.6493679627484272E-011
          45   0.0000000000000000        0.0000000000000000     
   3.8497853202792467E-012   9.1972215382806439E-014
   8.7277048005604507E-011   1.5035649263942638E-011
          46   0.0000000000000000        0.0000000000000000     
   5.7607502926034243E-012   8.5399879361649223E-013
  -6.7144528527737447E-011   7.1428841566884066E-011
          47   0.0000000000000000        0.0000000000000000     
   3.2193150408231783E-012  -1.1796227038561816E-012
  -8.3886515582975536E-012  -6.0944564241574411E-011
          48   0.0000000000000000        0.0000000000000000     
   3.4745906077070817E-012  -4.0872941287573241E-012
  -3.3117587448910426E-012  -7.2804642525031763E-013
          49   0.0000000000000000        0.0000000000000000     
  -2.2194184406417634E-012  -2.0819017978172247E-012
   1.1019011182132773E-011  -6.1074571896985607E-011
          50   0.0000000000000000        0.0000000000000000     
   4.6115346390982092E-012  -5.7259464486701184E-012
   7.9426260887955618E-011   2.1171449430371086E-011
          51   0.0000000000000000        0.0000000000000000     
   1.0733621580593718E-012  -3.7927106802244177E-012
  -2.7633157372813032E-011   4.0186373497438786E-011
          52   0.0000000000000000        0.0000000000000000     
  -1.9586539758027919E-012  -3.7304470623805561E-012
  -1.0968890577189741E-011   1.0135825296992821E-011
          53   0.0000000000000000        0.0000000000000000     
  -2.4487827269039040E-012   5.9226022151283410E-013
  -1.0290012577803403E-010  -2.5933633856255250E-011
          54   0.0000000000000000        0.0000000000000000     
  -2.8464223299510892E-012  -5.0374265029877629E-012
   8.8970570670427557E-011  -1.1694093842043254E-010
          55   0.0000000000000000        0.0000000000000000     
  -2.9013235890796456E-012  -3.9723905917586765E-012
   1.7435212455306106E-011   8.7017680217707364E-011
          56   0.0000000000000000        0.0000000000000000     
  -3.4974520876862374E-012  -1.3869439110768991E-014
  -8.8410085107190758E-012  -3.1038898534238755E-011
          57   0.0000000000000000        0.0000000000000000     
  -3.6775154623521298E-012   5.4430318540702003E-013
  -1.9069864779040217E-011   5.2970180435094953E-011
          58   0.0000000000000000        0.0000000000000000     
  -3.1783648855936558E-012   1.7657207232536122E-012
  -1.3863327027286460E-011  -2.8704735090574511E-011
          59   0.0000000000000000        0.0000000000000000     
  -3.8101453109355854E-012   1.5156296721268506E-012
  -4.4206172388901313E-011   2.7513876770091976E-011
          60   0.0000000000000000        0.0000000000000000     
  -5.7685877482080300E-012   3.2261808382188288E-012
   1.8281000790813393E-012  -8.4346797807019860E-011
          61   0.0000000000000000        0.0000000000000000     
   1.6153621205862262E-012   3.2930310171760467E-012
   6.8352163687758096E-011   5.0028986296297669E-011
          62   0.0000000000000000        0.0000000000000000     
  -2.8823196792345532E-013   4.5353093719948379E-012
  -3.1662735077446432E-011   1.1013381139144073E-011
          63   0.0000000000000000        0.0000000000000000     
  -5.7741567754036840E-013   1.4754470973305630E-013
   5.5708643930273521E-011   1.0027193042067467E-011
          64   0.0000000000000000        0.0000000000000000     
   2.5295746248505436E-012   8.6556818829965117E-012
  -6.9936592602226535E-011   9.3928441216183049E-011
          65   0.0000000000000000        0.0000000000000000     
   1.2714489385971581E-012   1.8601141261632839E-012
  -3.6990909065064645E-011  -1.1016450205095626E-010
          66   0.0000000000000000        0.0000000000000000     
   2.8713826464024766E-012   1.3992979262555502E-012
   5.5962243752163883E-011   2.9984757071319338E-012
          67   0.0000000000000000        0.0000000000000000     
   1.6246474579564226E-012   1.2525968353231350E-012
   5.1983514569265326E-011  -3.9635276262094437E-011
          68   0.0000000000000000        0.0000000000000000     
   6.1203127228717436E-012   7.3956740875450626E-013
   2.3161794248370672E-011   1.2760353565769659E-010
          69   0.0000000000000000        0.0000000000000000     
   4.5530669154673989E-012   1.3401115631372622E-012
  -7.2319492875751966E-011  -7.7350920681254305E-011
          70   0.0000000000000000        0.0000000000000000     
   3.4306828359366110E-012  -3.5095046669556259E-012
   7.1937316826731764E-011   3.6596602413806741E-011
          71   0.0000000000000000        0.0000000000000000     
   2.5661589912795783E-012  -1.7015711100628353E-012
  -7.5406859944596862E-011  -1.9200835192025601E-011
          72   0.0000000000000000        0.0000000000000000     
   1.6180857534753876E-012  -2.6389687790773721E-012
   3.7008086454973161E-011  -3.7703759413729177E-011
          73   0.0000000000000000        0.0000000000000000     
   3.5591094127849797E-012  -4.6262150859431137E-012
   2.6338566026783157E-011  -2.2706673655190086E-011
          74   0.0000000000000000        0.0000000000000000     
  -1.4365547081762589E-012  -6.7433164562235429E-012
   4.7754874460375899E-011   4.3425641196102729E-011
          75   0.0000000000000000        0.0000000000000000     
  -7.4063739812563910E-013  -5.1141082113118006E-013
  -7.3662893057890588E-011   3.5554980368303035E-011
          76   0.0000000000000000        0.0000000000000000     
  -1.8266030325104648E-012  -4.9895649887565754E-012
   1.5777203543386121E-011  -7.5294479270014641E-011
          77   0.0000000000000000        0.0000000000000000     
  -1.2630593119475105E-012  -3.4360831047315262E-012
   3.3596296038820980E-012   7.8080360892279020E-011
          78   0.0000000000000000        0.0000000000000000     
  -7.8195304883271525E-012  -1.6038807276877407E-012
  -9.2296350387870088E-011  -1.1918778225755990E-010
          79   0.0000000000000000        0.0000000000000000     
  -3.2791707966976722E-012  -2.0458935216159733E-012
   1.5639344461240773E-010   2.4345916222501800E-012
          80   0.0000000000000000        0.0000000000000000     
  -3.1470914864189748E-012   1.1509472413392783E-012
  -3.8686143441753228E-011   6.6093471780008023E-011
          81   0.0000000000000000        0.0000000000000000     
  -3.6297396546465684E-012   6.6176508386482778E-013
  -2.9268381857203983E-012   6.1251312839779391E-011
          82   0.0000000000000000        0.0000000000000000     
  -4.1205593652398633E-012   3.7984157099266510E-012
  -1.3568707482761613E-010  -4.9898962800013292E-011
          83   0.0000000000000000        0.0000000000000000     
  -3.9651998350809479E-012   4.8491435140850583E-012
   1.0621119589121036E-010  -4.5195796740852547E-011
          84   0.0000000000000000        0.0000000000000000     
   1.5747880994953131E-012   3.0390672446153813E-012
  -6.0457903205331433E-011   5.8584378285629873E-011
          85   0.0000000000000000        0.0000000000000000     
  -3.5958712117998954E-012   2.5365687200282043E-012
   4.4128852282557075E-011  -8.9924036396773674E-011
          86   0.0000000000000000        0.0000000000000000     
   1.3125173028895384E-012   3.5577408439010122E-012
   7.9062878130754640E-011   1.0335445252969476E-010
          87   0.0000000000000000        0.0000000000000000     
   3.2561229247734112E-012   6.3817575453648957E-012
  -7.8868006343250803E-011   5.1823856899797381E-011
          88   0.0000000000000000        0.0000000000000000     
   2.8489926461565209E-012   2.1766832030948492E-012
  -6.8625653136930602E-012  -1.5683626502534731E-011
          89   0.0000000000000000        0.0000000000000000     
   6.4281811800323151E-013   2.6432225403976064E-012
  -5.1152356656552615E-011  -4.1087999860749042E-011
          90   0.0000000000000000        0.0000000000000000     
   5.6490699750771126E-012   2.0180373111650971E-012
   1.1127554969840304E-010  -2.3313608169992789E-011
          91   0.0000000000000000        0.0000000000000000     
   4.2961454614221714E-012   9.1335095966210800E-013
  -3.9555951713602342E-011   3.2483549847941935E-011
          92   0.0000000000000000        0.0000000000000000     
   5.7865506330149037E-012  -3.7184976912971599E-012
   1.2539102370349669E-010  -1.4428470784321022E-011
          93   0.0000000000000000        0.0000000000000000     
   4.2307468255176496E-012  -1.2041494768481438E-012
  -1.0128611026521919E-010   1.3405562140309762E-010
          94   0.0000000000000000        0.0000000000000000     
   1.2708818504268296E-012  -1.1242146997665790E-012
  -3.4032398255816518E-011  -1.1000906433893475E-010
          95   0.0000000000000000        0.0000000000000000     
   3.9097959555331390E-012  -4.3562097931779624E-012
  -1.3546725031717951E-011  -2.6802895482748833E-011
          96   0.0000000000000000        0.0000000000000000     
  -1.0593551613794119E-012  -6.7816207856978784E-012
   1.0746142428913672E-010  -7.6226975027627157E-011
          97   0.0000000000000000        0.0000000000000000     
   5.9851964621981061E-013  -4.7180467950730120E-012
   4.1882802918448520E-012   1.2783878789216493E-010
          98   0.0000000000000000        0.0000000000000000     
  -9.1168565248983307E-013  -8.8150432592140721E-013
  -5.8300558916666776E-011  -5.3604348742442974E-011
          99   0.0000000000000000        0.0000000000000000     
  -1.0968540450735318E-012  -8.0314329922293639E-012
   6.8110821159174508E-011   3.2260735469999130E-011
         100   0.0000000000000000        0.0000000000000000     
  -4.4681226838725215E-012  -9.5313989864596134E-013
  -1.3155124216171247E-010   4.8019450079159703E-011
         101   0.0000000000000000        0.0000000000000000     
  -6.0989951477631091E-012  -1.7799248603373235E-012
   2.3065054613894297E-011  -1.4376655349897694E-010
         102   0.0000000000000000        0.0000000000000000     
  -4.0270915358110148E-012  -9.8664066566723408E-013
   4.4281047212867827E-011   7.3613234487159864E-011
         103   0.0000000000000000        0.0000000000000000     
  -3.9197261503745510E-012  -4.2317495635344997E-013
   1.6377343285468854E-012  -3.7056204806353444E-011
         104   0.0000000000000000        0.0000000000000000     
  -5.3174609832889342E-012   2.4748297891654395E-012
  -2.0688728433791609E-011   8.0133776341760250E-011
         105   0.0000000000000000        0.0000000000000000     
  -4.9638333858071173E-012   4.0459707927378733E-012
   1.5073892120280039E-011  -7.6330387432464843E-011
         106   0.0000000000000000        0.0000000000000000     
   3.2344381274730243E-013   4.3093359814950969E-012
  -1.3258076892935517E-011   1.6249029006789023E-010
         107   0.0000000000000000        0.0000000000000000     
  -2.5878280348335732E-012   4.3374424439387128E-012
  -1.2301033564128021E-010  -1.4319871529204823E-010
         108   0.0000000000000000        0.0000000000000000     
  -2.4737743699943682E-012   3.8383334092739926E-012
   1.3132445617750958E-010   2.9860502625590848E-012
         109   0.0000000000000000        0.0000000000000000     
   3.4313871653683966E-012   7.8769150561775196E-012
  -1.3815043309351190E-011   4.9129938579270588E-011
         110   0.0000000000000000        0.0000000000000000     
   3.1532963120022249E-012   1.3593657503840350E-012
   1.6374938083099270E-011   3.1742260062592832E-011
         111   0.0000000000000000        0.0000000000000000     
   3.8513931213139931E-012   4.4821508834962059E-012
  -4.0070882094296589E-011   1.3745530025179409E-011
         112   0.0000000000000000        0.0000000000000000     
   3.4606165714364953E-012   1.9333066880183305E-012
   4.1547856850963010E-011  -1.9875019759454441E-011
         113   0.0000000000000000        0.0000000000000000     
   7.3905932140456396E-012   1.7363276136227242E-012
  -4.1566364624978425E-011   9.4834923844233693E-011
         114   0.0000000000000000        0.0000000000000000     
   3.2724164841547030E-012  -1.1135212575819108E-012
  -5.5235653179691985E-011  -1.7573421965215879E-010
         115   0.0000000000000000        0.0000000000000000     
   3.8257581334648577E-012  -4.3962858433179313E-012
   1.9501703218962561E-010   5.4991370556157933E-011
         116   0.0000000000000000        0.0000000000000000     
   3.7427261306576859E-012  -1.6263557787201763E-012
  -9.0800332439810972E-011   3.9659349723531115E-011
         117   0.0000000000000000        0.0000000000000000     
   3.7270367954203016E-012  -2.7423114329187832E-012
   5.4258370182118369E-011   2.6672117361325120E-011
         118   0.0000000000000000        0.0000000000000000     
   2.8042011895735091E-012  -6.4170882040776174E-012
  -1.0056712245704466E-010  -3.2825498490153262E-011
         119   0.0000000000000000        0.0000000000000000     
  -1.8438547828479843E-012  -4.2622512091334802E-012
   6.7253662962687771E-011  -9.3780271725511966E-012
         120   0.0000000000000000        0.0000000000000000     
  -1.5426862159804537E-013  -2.7772154455606961E-012
  -1.0929531285046669E-010  -2.6592236273540464E-011
         121   0.0000000000000000        0.0000000000000000     
  -1.8472461631464986E-012  -7.2386010948174664E-012
   1.3487787201806101E-010  -1.0564768944454215E-010
         122   0.0000000000000000        0.0000000000000000     
  -2.9183255401027585E-012  -5.0442663535210698E-012
   2.6540081193514837E-011   1.6092024087728321E-010
         123   0.0000000000000000        0.0000000000000000     
  -6.4964089330888505E-012  -6.9682235533636892E-013
  -1.3783865685123279E-010  -9.6196339715880134E-012
         124   0.0000000000000000        0.0000000000000000     
  -3.7044702935512737E-012  -8.4711552832937558E-013
   8.4947028804755683E-012  -4.0340103805864770E-011
         125   0.0000000000000000        0.0000000000000000     
  -6.4124031852909805E-012   2.6958731812496996E-013
  -3.5803316514748346E-011  -3.6560600633750848E-011
         126   0.0000000000000000        0.0000000000000000     
  -4.5662290692765939E-012   3.2566592571938595E-013
   7.9461243758822267E-011   1.8381797395937673E-011
         127   0.0000000000000000        0.0000000000000000     
  -6.1938127879280226E-012   4.8733752330824262E-012
  -9.2551465764302509E-011   6.7390526272091689E-013
         128   0.0000000000000000        0.0000000000000000     
  -1.3150370436433457E-012   3.9797908045831323E-012
   1.4449283282129353E-010   8.3821220606385441E-012
         129   0.0000000000000000        0.0000000000000000     
  -3.1596219183280320E-013   4.1455796203070748E-012
  -1.4747869648872833E-010   1.1103679399832803E-010
         130   0.0000000000000000        0.0000000000000000     
  -3.7083107432366555E-012   5.8996914865870038E-012
   3.5627952327416147E-011  -1.0394136497322258E-010
         131   0.0000000000000000        0.0000000000000000     
   2.2886944620147897E-012   6.9216309811783720E-012
  -4.5082134327186282E-011   7.1405419891880703E-011
         132   0.0000000000000000        0.0000000000000000     
   3.5850899580769138E-012   4.3005153938562591E-012
   4.3212602478181346E-011  -8.3463259330038139E-011
         133   0.0000000000000000        0.0000000000000000     
   3.5067492788778669E-012   2.0253439541536929E-012
   1.2467411601938162E-011   6.6693921550397022E-011
         134   0.0000000000000000        0.0000000000000000     
   3.8873852623196267E-012   4.2254401088808783E-012
   1.0229011474329346E-011  -3.3060419688730013E-011
         135   0.0000000000000000        0.0000000000000000     
   6.7734187770678624E-012   1.6282902083945668E-013
   5.3526832764176341E-011   7.5962828188754453E-011
         136   0.0000000000000000        0.0000000000000000     
   5.5249884972436539E-012   6.6164454806503279E-013
  -1.1873528250151929E-010   1.9489620315427557E-011
         137   0.0000000000000000        0.0000000000000000     
   4.2395924445634591E-012  -4.0143247497805166E-012
   7.3841218753561867E-011  -1.2504500452786180E-010
         138   0.0000000000000000        0.0000000000000000     
   3.2765915400913985E-012  -1.7311316834325547E-012
   7.9699787179097172E-012   1.0635387008341709E-010
         139   0.0000000000000000        0.0000000000000000     
   4.1149782481336120E-012  -3.7689682245555205E-012
   6.1942431949056269E-013  -9.0295825073013903E-011
         140   0.0000000000000000        0.0000000000000000     
   3.4819862570982053E-012  -6.0996861219021650E-012
   4.8333950012585653E-012   6.6960112899067656E-011
         141   0.0000000000000000        0.0000000000000000     
  -2.3953797040892862E-012  -6.0218494912238297E-012
   2.2931182700533366E-011  -9.9756014437552526E-011
         142   0.0000000000000000        0.0000000000000000     
   2.8302167635105666E-015  -4.1848147276305581E-012
  -7.7965412156455301E-012   1.4873136060632625E-010
         143   0.0000000000000000        0.0000000000000000     
  -1.5049689307777687E-012  -3.9437624864775336E-012
  -9.5099214728486022E-011  -1.5546094655328598E-010
         144   0.0000000000000000        0.0000000000000000     
  -5.4771346939114858E-012  -5.9444421463852511E-012
   1.0781791306910993E-010   5.0286354179809546E-011
         145   0.0000000000000000        0.0000000000000000     
  -4.5258459188210939E-012  -2.1305440064541553E-013
  -1.1051432110812818E-010  -6.0490239322556146E-012
         146   0.0000000000000000        0.0000000000000000     
  -5.8173518424266529E-012  -1.5742912969667512E-012
   6.3911849659625761E-011  -6.5016050102002426E-011
         147   0.0000000000000000        0.0000000000000000     
  -2.8809924290346886E-012   3.4270411073321279E-013
   2.4707351537097536E-011   8.5780758904589465E-011
         148   0.0000000000000000        0.0000000000000000     
  -5.2008412544100316E-012   1.0444081167932585E-012
  -5.3559322470136848E-011   1.3576160408615075E-011
         149   0.0000000000000000        0.0000000000000000     
  -4.9376156860817932E-012   3.3752034056707770E-012
  -5.5235899357214929E-011   2.6660237148367667E-011
         150   0.0000000000000000        0.0000000000000000     
  -3.1825860879067909E-012   4.7639604817679248E-012
  -9.9569102496937077E-012  -1.2376021007820184E-010
         151   0.0000000000000000        0.0000000000000000     
  -7.3908346664236975E-013   3.6826579100303646E-012
   1.0370603655318079E-010   1.0330313716981924E-010
         152   0.0000000000000000        0.0000000000000000     
  -2.6923574981374763E-012   3.9528453546993288E-012
  -1.0614071845451293E-010  -4.5312387261239313E-011
         153   0.0000000000000000        0.0000000000000000     
   6.7304581597602362E-013   6.9962735096500312E-012
   1.1410090187734075E-010   5.3973415760984478E-011
         154   0.0000000000000000        0.0000000000000000     
   4.2179489747694990E-012   5.1816036034966000E-012
  -1.0569648670442575E-010   5.7437015824521311E-012
         155   0.0000000000000000        0.0000000000000000     
   2.7753968870042832E-012   2.2023700891212470E-012
   7.2581743069793973E-011   2.0232610570900463E-012
         156   0.0000000000000000        0.0000000000000000     
   4.2553177268707497E-012   3.8924811663882968E-012
  -9.0953838157106529E-011  -1.3798563133567145E-011
         157   0.0000000000000000        0.0000000000000000     
   4.2923245809235121E-012   1.0476633562636096E-012
   1.1610393190984118E-010  -5.5352183877761616E-011
         158   0.0000000000000000        0.0000000000000000     
   7.3029807939631213E-012  -3.6247347699109412E-013
  -1.8384472023997575E-011   1.0672990796273116E-010
         159   0.0000000000000000        0.0000000000000000     
   3.4505429404722280E-012  -2.1315890515625455E-012
  -4.1914344085971538E-011  -7.4982378374285694E-011
         160   0.0000000000000000        0.0000000000000000     
   3.9974966516232038E-012  -3.4292572797101957E-012
   7.2441713278666250E-011   2.9912659045535821E-011
         161   0.0000000000000000        0.0000000000000000     
   3.2431684340407780E-012  -1.9432295592757216E-012
  -7.3931141441045507E-011  -1.5079614667568528E-012
         162   0.0000000000000000        0.0000000000000000     
   3.2195926673996048E-012  -5.8022804409827249E-012
   5.3701227669908979E-011  -3.2473417527162573E-011
         163   0.0000000000000000        0.0000000000000000     
  -1.4054166162864778E-012  -6.3064159020212338E-012
  -3.9611712513745689E-011  -3.3567447957167516E-011
         164   0.0000000000000000        0.0000000000000000     
  -8.5368161397851333E-013  -3.4312230399188802E-012
   1.1267415088704904E-010   3.3122051764000802E-011
         165   0.0000000000000000        0.0000000000000000     
  -9.9639585517766990E-013  -3.6998042970086921E-012
  -1.5238116777361837E-010   2.9964200912226270E-011
         166   0.0000000000000000        0.0000000000000000     
  -4.1348228267730980E-012  -4.8049460050702207E-012
   9.9395793777511243E-011  -9.7313649331904054E-011
         167   0.0000000000000000        0.0000000000000000     
  -4.0899170448494770E-012  -2.0079849350731407E-012
  -7.0288556886376582E-011   9.4666182604603643E-011
         168   0.0000000000000000        0.0000000000000000     
  -4.7153267456735122E-012  -1.7039262030108554E-013
   3.5382870676945220E-012  -9.4797749835346886E-011
         169   0.0000000000000000        0.0000000000000000     
  -3.3748926304416540E-012  -5.8092213568510468E-013
   1.4338781864823445E-011   5.1678052064986414E-011
         170   0.0000000000000000        0.0000000000000000     
  -4.9318716504988713E-012   1.0809291877943774E-012
  -2.7509910770615111E-011  -1.9477604877518485E-011
         171   0.0000000000000000        0.0000000000000000     
  -4.0588314808392845E-012   1.2747300216472736E-012
   1.1319460149840249E-011   1.6140637931453874E-011
         172   0.0000000000000000        0.0000000000000000     
  -3.9267700682996693E-012   5.4924493777825141E-012
  -4.2887871513152491E-011  -5.6273979973916448E-012
         173   0.0000000000000000        0.0000000000000000     
  -5.8944891448406455E-013   2.4577904991054709E-012
   8.3251361815338140E-011  -8.0764691095505985E-014
         174   0.0000000000000000        0.0000000000000000     
  -1.0350562059461257E-012   4.6043496776457550E-012
  -1.1001066922154644E-010   9.9390752777596731E-011
         175   0.0000000000000000        0.0000000000000000     
  -1.4079488668078454E-012   5.7148981276248258E-012
   2.3005950042699326E-011  -1.4769148825072097E-010
         176   0.0000000000000000        0.0000000000000000     
   3.5053976199542785E-012   4.0498916914789269E-012
   4.9947952257289786E-011   9.9248066760480039E-011
         177   0.0000000000000000        0.0000000000000000     
   3.1453445025134398E-012   2.5636161095984440E-012
   1.0465858806354155E-011  -4.0281474099614337E-011
         178   0.0000000000000000        0.0000000000000000     
   2.6930620096401484E-012   2.3483230049325139E-012
  -2.9488449966674615E-011   9.1269217592021041E-011
         179   0.0000000000000000        0.0000000000000000     
   4.0702237003334549E-012   2.4269440624951085E-012
  -3.5872839932597660E-012  -1.1089555696048516E-010
         180   0.0000000000000000        0.0000000000000000     
   4.6572338874263435E-012  -1.4570012642004785E-013
   4.8823066640056045E-011   9.0909856483516362E-011
         181   0.0000000000000000        0.0000000000000000     
   4.3654987935566981E-012  -5.4271387584215088E-013
  -6.5963677424907811E-011  -6.5694317884815455E-011
         182   0.0000000000000000        0.0000000000000000     
   3.0275953874220030E-012  -2.8544815880133151E-012
   8.3905512201531898E-011  -9.2731662493728481E-012
         183   0.0000000000000000        0.0000000000000000     
   3.2592285908247358E-012  -1.4245030339315059E-012
  -1.8189232034899057E-011   4.8667967411050223E-011
         184   0.0000000000000000        0.0000000000000000     
   3.5435993460567868E-012  -4.0471282759931327E-012
  -1.3135965560386923E-011  -2.7924800179610500E-011
         185   0.0000000000000000        0.0000000000000000     
   1.0101639032641252E-012  -5.0489119970029874E-012
  -9.6392089567026161E-012  -2.5696661739141386E-012
         186   0.0000000000000000        0.0000000000000000     
  -1.5277393245234280E-012  -4.5793424425691841E-012
   3.6480818123409725E-011  -5.0737239268831301E-011
         187   0.0000000000000000        0.0000000000000000     
   1.6059592492281041E-013  -2.5958429595768351E-012
  -2.1901177274425027E-011   1.0011028029439806E-010
         188   0.0000000000000000        0.0000000000000000     
  -2.7888542301595756E-012  -4.7760958382700630E-012
  -4.9173400865408591E-011  -1.4278525120487652E-010
         189   0.0000000000000000        0.0000000000000000     
  -3.7521469385473276E-012  -3.3841670773231336E-012
   1.0954279012491239E-010   8.9247171540188726E-011
         190   0.0000000000000000        0.0000000000000000     
  -3.7721889548999874E-012  -3.3837674947827997E-013
  -1.1496487870605421E-010  -2.4923195732450812E-011
         191   0.0000000000000000        0.0000000000000000     
  -4.1164441540826389E-012  -7.8617961727680493E-013
   5.8869216937135921E-011  -2.8089870481879443E-013
         192   0.0000000000000000        0.0000000000000000     
  -3.3486262337748090E-012   2.3479500137854966E-013
  -4.7244184314746742E-011  -2.1622381454497919E-011
         193   0.0000000000000000        0.0000000000000000     
  -4.6911287490047645E-012   1.1738073734091525E-012
   5.1643091761211100E-011   2.5746970774669530E-011
         194   0.0000000000000000        0.0000000000000000     
  -3.3279923061778618E-012   3.8166392667383420E-012
  -7.3311125556363115E-011   1.5670996003373972E-011
         195   0.0000000000000000        0.0000000000000000     
  -1.5918583959547238E-012   3.4316657958456732E-012
   3.1672771478776833E-011  -4.2936361889579831E-011
         196   0.0000000000000000        0.0000000000000000     
  -5.9444013372554641E-013   2.9569944433277690E-012
   4.8987126935762896E-012   5.2554925376530439E-011
         197   0.0000000000000000        0.0000000000000000     
  -1.6857685673104561E-012   3.9741353776648225E-012
  -3.0508661248805688E-011  -3.4500319278582456E-011
         198   0.0000000000000000        0.0000000000000000     
   2.3336201706263120E-012   4.8745534022216940E-012
   4.8049845576573140E-011   4.0108470387926801E-011
         199   0.0000000000000000        0.0000000000000000     
   2.0353142686047926E-012   2.2201340632098551E-012
  -4.4728250591415664E-011  -1.9477208762595104E-011
         200   0.0000000000000000        0.0000000000000000     
   2.4847296933831414E-012   2.2052974511453027E-012
   5.1868871697846024E-011   4.0827738768065390E-011
         201   0.0000000000000000        0.0000000000000000     
   2.1038846828004755E-012   2.8204991740724501E-012
  -8.4425638120881928E-011  -5.4055438952885288E-011
         202   0.0000000000000000        0.0000000000000000     
   4.1030156080002073E-012   3.5234728494377150E-013
   1.5250519276429717E-010   1.0281873536598050E-011
         203   0.0000000000000000        0.0000000000000000     
   4.5937185453102405E-012   3.1169068932907743E-013
  -1.0845962330028408E-010   7.1701624057462624E-011
         204   0.0000000000000000        0.0000000000000000     
   2.4981008078800049E-012  -1.1897747153936135E-012
   4.4681262989181279E-011  -8.2777075804696249E-011
         205   0.0000000000000000        0.0000000000000000     
   3.4259178741865220E-012  -1.7910329022587261E-012
  -4.3044874451074469E-012   4.3927424485601170E-011
         206   0.0000000000000000        0.0000000000000000     
   2.7434038358223145E-012  -1.9109421277171324E-012
   2.5036571711865377E-012  -3.8844590721310450E-011
         207   0.0000000000000000        0.0000000000000000     
   2.6699217647014509E-012  -4.9453932807681037E-012
   2.2223840019387758E-011   6.1167445395794188E-012
         208   0.0000000000000000        0.0000000000000000     
  -9.0621286699745588E-013  -3.5615652356176078E-012
  -1.0604149195665150E-011  -8.5058562581859770E-012
         209   0.0000000000000000        0.0000000000000000     
  -5.5327909716448795E-014  -2.9658703679160814E-012
   1.7491044483157615E-011   1.5298379047904772E-011
         210   0.0000000000000000        0.0000000000000000     
  -7.4366842989322276E-013  -3.4257170211166519E-012
  -5.9708265991644882E-011  -2.5990092130382822E-011
         211   0.0000000000000000        0.0000000000000000     
  -2.7213864353075989E-012  -3.7746216416335157E-012
   8.8130818952109704E-011  -2.3505113855344068E-011
         212   0.0000000000000000        0.0000000000000000     
  -3.4424053045966792E-012  -1.3962674795468004E-012
  -8.5920181437220795E-011   6.5557662981114193E-011
         213   0.0000000000000000        0.0000000000000000     
  -2.7252528506756013E-012  -1.0290887014059438E-012
   3.8259268238918844E-011  -7.5933229976269086E-011
         214   0.0000000000000000        0.0000000000000000     
  -3.3553204789143436E-012  -5.5732800194814269E-013
  -3.6489557740937655E-011   4.9441211600486474E-011
         215   0.0000000000000000        0.0000000000000000     
  -3.9649983684930153E-012  -8.3085850400354184E-014
   4.6817005043667688E-011  -4.7279661555269629E-011
         216   0.0000000000000000        0.0000000000000000     
  -3.3792166008461850E-012   1.8787463698040914E-012
  -5.5493367134649971E-011   7.7190904511341831E-011
         217   0.0000000000000000        0.0000000000000000     
  -2.8395649649478590E-012   3.4619803873419818E-012
   1.3920450459563695E-011  -8.6134694242382724E-011
         218   0.0000000000000000        0.0000000000000000     
  -8.6060293131167329E-013   1.9206927588591681E-012
   2.7688387884991251E-011   7.3661982879495445E-011
         219   0.0000000000000000        0.0000000000000000     
  -2.0285929075230421E-012   3.5641088280203858E-012
  -4.5621702499840177E-011  -1.7349337538966429E-011
         220   0.0000000000000000        0.0000000000000000     
  -8.0127781313852966E-014   4.0603795897985530E-012
   2.5835078935057389E-011  -4.0288336503903598E-012
         221   0.0000000000000000        0.0000000000000000     
   1.9736195942474859E-012   3.7152036145015067E-012
  -7.5867978075232782E-012   1.7908425057010246E-011
         222   0.0000000000000000        0.0000000000000000     
   1.5845910917298398E-012   1.6477700673285877E-012
   2.5176213257343290E-011  -8.6414608605375236E-012
         223   0.0000000000000000        0.0000000000000000     
   1.8249766603097835E-012   2.9909662326213501E-012
  -3.6856910796209357E-011   4.0562892827538946E-011
         224   0.0000000000000000        0.0000000000000000     
   3.4425543044803933E-012   1.9026799470339554E-012
   3.7940929477369990E-011  -6.1191972697853921E-011
         225   0.0000000000000000        0.0000000000000000     
   3.7163512641045175E-012   6.1730937310645238E-013
  -1.4938049598289802E-011   8.8055256619528816E-011
         226   0.0000000000000000        0.0000000000000000     
   3.2046471829297957E-012  -8.8282858613969722E-013
  -6.7939082719673756E-012  -1.0771196745079124E-010
         227   0.0000000000000000        0.0000000000000000     
   2.7928374012877697E-012  -1.2070478532428226E-012
   6.4598663841320437E-011   8.2238027128656425E-011
         228   0.0000000000000000        0.0000000000000000     
   2.9837288259698216E-012  -1.2418653678175833E-012
  -4.5209411300237993E-011  -2.8598408505349101E-011
         229   0.0000000000000000        0.0000000000000000     
   2.6829301312192946E-012  -3.1768229989142090E-012
   1.3971906200784455E-011   2.6609770484811551E-011
         230   0.0000000000000000        0.0000000000000000     
   2.2909741167031429E-013  -3.3899704046431269E-012
  -2.4349379963334534E-011  -5.7421888147776926E-011
         231   0.0000000000000000        0.0000000000000000     
  -1.0648036609721380E-013  -2.9018539400923748E-012
   5.0206275051622211E-011   2.0536827884018565E-011
         232   0.0000000000000000        0.0000000000000000     
   5.0108626696372448E-013  -2.0885042355761110E-012
  -3.6456813941327160E-011   4.4700913929040735E-012
         233   0.0000000000000000        0.0000000000000000     
  -1.3701786747839677E-012  -4.3790991767767102E-012
   2.6876384976341089E-011  -2.7757794589650494E-011
         234   0.0000000000000000        0.0000000000000000     
  -2.0774693099339941E-012  -1.7686286778915596E-012
  -2.3106907870070916E-011   4.8930709280565455E-011
         235   0.0000000000000000        0.0000000000000000     
  -2.8409917975157200E-012  -1.4830366397567908E-012
  -2.4597032660973351E-011  -7.2074262897295228E-011
         236   0.0000000000000000        0.0000000000000000     
  -2.0370606712253154E-012  -1.5675926000253246E-012
   4.5364115509209053E-011   4.9525173626105001E-011
         237   0.0000000000000000        0.0000000000000000     
  -3.4729208222929676E-012  -8.7959914939534624E-013
  -5.2252846234549921E-011  -3.8062822898537409E-011
         238   0.0000000000000000        0.0000000000000000     
  -3.6859078251385095E-012   5.4781318758312972E-013
   4.1465429139946970E-011   4.5832801467171389E-011
         239   0.0000000000000000        0.0000000000000000     
  -3.0521693107870644E-012   2.0599822651093812E-012
  -6.8237328012498037E-011  -3.9556412423856626E-011
         240   0.0000000000000000        0.0000000000000000     
  -1.9271101815444958E-012   1.9771506125873034E-012
   7.3412347618348190E-011   2.9968282981575416E-011
         241   0.0000000000000000        0.0000000000000000     
  -1.7420112354764410E-012   2.2145671060847760E-012
  -7.8109961332360820E-011   1.0913262395117400E-011
         242   0.0000000000000000        0.0000000000000000     
  -1.9934417339050462E-012   3.6224291253346421E-012
   3.6890221771050895E-011  -2.4373026014074660E-011
         243   0.0000000000000000        0.0000000000000000     
   1.0312724946224372E-012   3.8037626388035747E-012
  -7.2111064328492993E-012   2.4503920254297745E-011
         244   0.0000000000000000        0.0000000000000000     
   9.6528651890904570E-013   2.1829949428342674E-012
   6.1437298920012043E-012  -1.7799966290926859E-013
         245   0.0000000000000000        0.0000000000000000     
   1.1600074059782339E-012   2.7556506817662577E-012
  -7.0211584710722664E-012   1.1922057407266221E-011
         246   0.0000000000000000        0.0000000000000000     
   1.8293150362542911E-012   2.7820531416751958E-012
   7.6588349214163010E-012  -2.0100975955170073E-011
         247   0.0000000000000000        0.0000000000000000     
   3.9914886169476217E-012   1.5417460305521945E-012
   2.2780822125479387E-011   5.0737333580446435E-011
         248   0.0000000000000000        0.0000000000000000     
   2.5701752028766017E-012   4.6089212740080528E-013
  -6.2609671317154283E-011  -5.0543838254334102E-011
         249   0.0000000000000000        0.0000000000000000     
   3.0682736146090600E-012  -5.9205423760340334E-013
   1.0216495829558457E-010   1.1320816841497494E-011
         250   0.0000000000000000        0.0000000000000000     
   2.9694188458116007E-012  -3.3705148245881648E-013
  -8.3576463992415204E-011   2.6076903867917779E-011
         251   0.0000000000000000        0.0000000000000000     
   3.0103839537474919E-012  -1.8889375810407930E-012
   6.3030945711073868E-011  -4.0004189286087787E-011
         252   0.0000000000000000        0.0000000000000000     
   2.1501717733055558E-012  -3.2839374771961435E-012
  -3.6637446038843640E-011   1.9599333129333461E-011
         253   0.0000000000000000        0.0000000000000000     
   3.1568591130958663E-013  -2.4560140760886077E-012
   4.4297569242737195E-011  -8.0701655091227726E-012
         254   0.0000000000000000        0.0000000000000000     
   9.8042079493657810E-013  -2.3607508221102733E-012
  -6.4276181410267879E-011   1.3309345842131392E-011
         255   0.0000000000000000        0.0000000000000000     
   7.9222144920108321E-014  -3.5764514884360270E-012
   4.5024901469085940E-011  -5.8662347190384664E-011
         256   0.0000000000000000        0.0000000000000000     
  -1.5387868577069154E-012  -3.5202540071699615E-012
   5.0780114174166611E-012   4.0927282895170189E-011
         257   0.0000000000000000        0.0000000000000000     
  -2.3645618729908498E-012  -1.6995823484777115E-012
  -2.5121084604429176E-011  -8.4164977854202029E-012
         258   0.0000000000000000        0.0000000000000000     
  -1.6383336903117867E-012  -1.8967619081450568E-012
   7.2122256193537117E-012  -6.9168593617882302E-012
         259   0.0000000000000000        0.0000000000000000     
  -3.3184751274902198E-012  -1.5002268271114013E-012
  -2.7675845882226320E-011  -3.3488892817548912E-012
         260   0.0000000000000000        0.0000000000000000     
  -3.3151483518692282E-012  -5.5251162573860409E-013
   3.2730491821574950E-011  -1.3742142687830797E-011
         261   0.0000000000000000        0.0000000000000000     
  -3.5669739052839598E-012   1.3451723455697854E-012
  -5.3159939349214398E-011   2.3761455776385639E-011
         262   0.0000000000000000        0.0000000000000000     
  -2.0883871403082460E-012   1.2830461719079046E-012
   5.9722708489653804E-011  -4.4471991044524652E-011
         263   0.0000000000000000        0.0000000000000000     
  -1.8510569018699672E-012   1.7843063952111980E-012
  -5.1396499105209115E-011   8.5950674855658605E-011
         264   0.0000000000000000        0.0000000000000000     
  -2.6634110233199211E-012   2.4729529188327210E-012
   8.7480614975678102E-013  -8.3592295998628431E-011
         265   0.0000000000000000        0.0000000000000000     
  -5.9152882113298732E-013   3.4174854890656736E-012
   1.1394220208243875E-011   6.1854086093394163E-011
         266   0.0000000000000000        0.0000000000000000     
   4.5646136804284624E-013   3.0048042873166102E-012
  -6.4168453021887072E-012  -3.4408458049806602E-011
         267   0.0000000000000000        0.0000000000000000     
   2.2476746737959931E-013   1.9882799299262980E-012
   3.2237961606472688E-012   3.5064055287257811E-011
         268   0.0000000000000000        0.0000000000000000     
   6.7668275234816197E-013   3.7138249000958621E-012
  -3.8088659889833281E-012  -2.5402529506598898E-011
         269   0.0000000000000000        0.0000000000000000     
   2.8339509713712320E-012   2.4012542848853032E-012
   2.5407379017596402E-011   3.0344716659517271E-011
         270   0.0000000000000000        0.0000000000000000     
   3.0063339520748768E-012   1.6761707425776461E-012
  -3.5201314362925540E-011   2.2201749666860507E-012
         271   0.0000000000000000        0.0000000000000000     
   2.6461300497009623E-012   3.7298573210932132E-013
   3.6420691765183600E-011  -3.6801447756662069E-011
         272   0.0000000000000000        0.0000000000000000     
   3.2976750482910409E-012   5.3894285473737459E-013
  -2.5650038224034613E-012   5.1414994047034492E-011
         273   0.0000000000000000        0.0000000000000000     
   3.6098729866471905E-012  -9.0351512824782136E-013
   1.1838128383153456E-012  -5.2246022135714804E-011
         274   0.0000000000000000        0.0000000000000000     
   3.1058446106338045E-012  -2.1874339640325302E-012
   1.5220285411188051E-011   4.6107910991520254E-011
         275   0.0000000000000000        0.0000000000000000     
   1.3932363516473400E-012  -2.9881178704089763E-012
  -7.5544229189297921E-012  -5.3648605016250098E-011
         276   0.0000000000000000        0.0000000000000000     
   1.4171039493098419E-012  -2.1822489361785520E-012
   9.9904908706526399E-012   5.2059134563761202E-011
         277   0.0000000000000000        0.0000000000000000     
   1.1841714493575004E-012  -3.1537790583774596E-012
  -1.8381801915284787E-011  -7.3062186901755507E-011
         278   0.0000000000000000        0.0000000000000000     
  -6.2369000485986375E-013  -4.5071747075719103E-012
   4.5505662434185704E-011   5.1495162819931436E-011
         279   0.0000000000000000        0.0000000000000000     
  -1.8183816191194380E-012  -2.2543817276406591E-012
  -5.9837188086235416E-011  -3.0892097052569911E-011
         280   0.0000000000000000        0.0000000000000000     
  -1.9082100742071325E-012  -2.5263043020926622E-012
   4.1466034388536341E-011  -9.3344063808824432E-012
         281   0.0000000000000000        0.0000000000000000     
  -2.1427906853693221E-012  -2.1343342521173500E-012
  -1.7562493099249340E-011   1.5774479822604909E-011
         282   0.0000000000000000        0.0000000000000000     
  -3.8707578916540990E-012  -1.4798459232416385E-012
  -4.8991424304910469E-012  -1.0385395689284233E-011
         283   0.0000000000000000        0.0000000000000000     
  -3.2355791193519067E-012   3.7751329599174853E-013
  -1.7602457152182355E-011   1.4115868332149363E-011
         284   0.0000000000000000        0.0000000000000000     
  -3.2370944040485463E-012   9.8058344496038255E-013
   6.6473868981686353E-013  -4.5865480110482560E-011
         285   0.0000000000000000        0.0000000000000000     
  -2.2139197548211723E-012   1.1524347689296201E-012
   2.8793970789958198E-011   6.0138654940012026E-011
         286   0.0000000000000000        0.0000000000000000     
  -2.8589177527873454E-012   1.8060288825836998E-012
  -5.8253875323032977E-011  -4.1881225953193609E-011
         287   0.0000000000000000        0.0000000000000000     
  -2.1325634543837728E-012   3.3402115536524770E-012
   5.9273655672453392E-011   3.2412165211896573E-011
         288   0.0000000000000000        0.0000000000000000     
  -1.6940423288705317E-013   3.3516870598827518E-012
  -5.5104119431807087E-011  -5.4973062384529145E-012
         289   0.0000000000000000        0.0000000000000000     
  -9.4205336875828381E-014   2.6273203012302812E-012
   3.4502121283059015E-011   1.4957357557137739E-011
         290   0.0000000000000000        0.0000000000000000     
   5.4937218514414683E-015   3.4417062604407284E-012
  -3.4690013092546007E-011  -2.7835618728904426E-011
         291   0.0000000000000000        0.0000000000000000     
   2.0967587796263490E-012   3.5303916965009081E-012
   6.4824365273664403E-011   3.4413833869459671E-011
         292   0.0000000000000000        0.0000000000000000     
   3.3419101106139308E-012   2.2287792074694903E-012
  -5.9193587627789050E-011   1.1604657821583069E-011
         293   0.0000000000000000        0.0000000000000000     
   2.4399898783410394E-012   9.6800611451501582E-013
   3.6549310420766823E-011  -3.0269306269581777E-011
         294   0.0000000000000000        0.0000000000000000     
   3.5838185790019749E-012   8.6082131522072074E-013
   4.7316667012344438E-012   3.3822150994037941E-011
         295   0.0000000000000000        0.0000000000000000     
   3.0969802528130875E-012   2.0077666835040373E-014
  -2.0776038739746868E-011  -2.4228410718727498E-011
         296   0.0000000000000000        0.0000000000000000     
   3.8877763878695067E-012  -1.7057479860099276E-012
   5.0838908608641128E-011   3.7495394850994777E-012
         297   0.0000000000000000        0.0000000000000000     
   2.2048917431240649E-012  -2.3450343921486883E-012
  -4.0774444861060578E-011   6.4574127743827492E-012
         298   0.0000000000000000        0.0000000000000000     
   1.6504403540426887E-012  -2.3323956252604390E-012
   5.0635864919527104E-011  -1.1819248600772902E-011
         299   0.0000000000000000        0.0000000000000000     
   1.8789211668067660E-012  -2.5628411556178233E-012
  -5.8713481606034144E-011   1.4475948583779289E-011
         300   0.0000000000000000        0.0000000000000000     
   7.5532847937578373E-013  -4.2793521579466777E-012
   6.0985977191785959E-011  -4.5174110148639424E-011
