 VERSION172
   3000.0000000000000     
        3000
   1.5350567286626969E-003   42.500000000000000       -71.700000000000003     
  -20.989999999999998       -179.02000000000001        5749.8999999999996     
           0   0.0000000000000000        0.0000000000000000     
   0.0000000000000000        0.0000000000000000     
   0.0000000000000000        0.0000000000000000     
           1   0.0000000000000000        0.0000000000000000     
   1.7488529347024799E-012  -9.2737656148266081E-012
   4.6402110794551086E-012  -6.6369803066774228E-012
           2   0.0000000000000000        0.0000000000000000     
   6.0581736488405306E-012   2.4131848776718499E-012
   3.2240354779100661E-012   3.8984834096837567E-012
           3   0.0000000000000000        0.0000000000000000     
  -3.3014359101984980E-013  -2.3688817040983747E-012
  -9.8620482566549986E-013  -9.3831241179562134E-012
           4   0.0000000000000000        0.0000000000000000     
  -2.0675468275970751E-012  -6.0889948939053428E-012
   2.0666025935587502E-012  -1.2861349370862249E-011
           5   0.0000000000000000        0.0000000000000000     
   9.3491108681307691E-013  -4.5398565490793133E-012
   1.1498323831309356E-011  -9.4372726070407264E-012
           6   0.0000000000000000        0.0000000000000000     
   3.2814306731883691E-012  -5.0440612333133248E-012
   1.6442403919850013E-011   4.1723778886354605E-012
           7   0.0000000000000000        0.0000000000000000     
  -1.9220140987327736E-012  -3.6275876423549659E-012
  -7.9395306528419722E-012   1.1576262940435317E-012
           8   0.0000000000000000        0.0000000000000000     
  -2.6402423500177377E-012  -1.4977762411052368E-012
   6.9905052535548224E-012   2.2671482098452606E-012
           9   0.0000000000000000        0.0000000000000000     
  -2.1748920006296398E-013  -1.7737347141641422E-012
  -8.7274278941076133E-013   1.6823587241550813E-011
          10   0.0000000000000000        0.0000000000000000     
  -2.3488539285120638E-012   2.4270911413319767E-013
  -1.3435620522349815E-011   7.2480694741301795E-012
          11   0.0000000000000000        0.0000000000000000     
  -3.1254939513135702E-012   1.0836970843785587E-012
  -1.0394008007821528E-011   4.7985188457017629E-012
          12   0.0000000000000000        0.0000000000000000     
  -5.1014078660279133E-012   2.1069343181226866E-012
  -5.6347848908589235E-012  -3.9272700404442066E-013
          13   0.0000000000000000        0.0000000000000000     
  -1.4859468916071201E-012  -2.0049553403465143E-013
   1.1456401770896037E-011   1.2911546658738144E-011
          14   0.0000000000000000        0.0000000000000000     
   1.9073922914034788E-012   3.1064550837473599E-012
  -1.0663187729880972E-011   3.3921497263148399E-011
          15   0.0000000000000000        0.0000000000000000     
  -3.7608510057188410E-012   4.9039907633492382E-012
  -3.0965241821428563E-011   3.3199583810284848E-012
          16   0.0000000000000000        0.0000000000000000     
  -1.7249346538885901E-012   5.6967072496684842E-012
  -2.0310039685397134E-012  -2.5442631118608686E-013
          17   0.0000000000000000        0.0000000000000000     
   7.9878638238049094E-013   1.5909487379044373E-012
   1.1363231067852492E-012  -6.1807276744985483E-012
          18   0.0000000000000000        0.0000000000000000     
   6.9740857481508892E-013   6.1630868655697924E-013
   2.4658103654360771E-011   1.8730050831492092E-012
          19   0.0000000000000000        0.0000000000000000     
   2.0643448213728979E-012   3.4299963212125726E-012
   6.1368042011371398E-013   2.6677818233438827E-011
          20   0.0000000000000000        0.0000000000000000     
   4.2891810853710559E-012   2.0442830097671871E-012
   1.0699156484653507E-011   6.0152004251752362E-012
          21   0.0000000000000000        0.0000000000000000     
   4.0083167189084006E-012   9.6944325998601699E-013
   3.1346312672370144E-012   3.4356757707679652E-011
          22   0.0000000000000000        0.0000000000000000     
   3.1240913691039090E-012   2.0839199176885027E-012
  -2.9175451505254055E-011   1.5328215457687851E-011
          23   0.0000000000000000        0.0000000000000000     
   2.3813912081760181E-012   9.9304010850589585E-013
  -2.0546677298021921E-011  -6.4650305964339673E-012
          24   0.0000000000000000        0.0000000000000000     
   2.3151390671903249E-012   8.6514408937004082E-013
  -1.0024345657671686E-011  -1.6067722067299094E-011
          25   0.0000000000000000        0.0000000000000000     
   1.7371910687703651E-012  -3.6658991739097144E-012
   1.3390352327563629E-011  -1.4661251404971384E-011
          26   0.0000000000000000        0.0000000000000000     
   2.2065371523622755E-012  -3.8894182498387499E-012
  -3.2143002677847668E-012   1.3574441480516983E-011
          27   0.0000000000000000        0.0000000000000000     
   1.3746746820821209E-013   4.3622716701923042E-013
  -3.9360491883654281E-011  -1.3667042535736122E-011
          28   0.0000000000000000        0.0000000000000000     
  -1.9039000342661756E-013  -3.1370532425752705E-012
   3.3880969942372600E-012  -4.5891726062413224E-011
          29   0.0000000000000000        0.0000000000000000     
  -2.8388560896770518E-012  -4.8913282516500360E-012
   2.7562284870365028E-012  -1.8790612750341022E-011
          30   0.0000000000000000        0.0000000000000000     
  -2.4574368113471936E-012  -2.3778942602634673E-012
   9.7416097326104506E-012  -2.6624010785475438E-011
          31   0.0000000000000000        0.0000000000000000     
  -1.3404854926039294E-012  -1.8407814492434062E-012
   1.4695368703261499E-011   9.7864060258097386E-012
          32   0.0000000000000000        0.0000000000000000     
  -1.5378411346828004E-012  -3.0809363002232195E-012
  -3.0745806137996687E-012  -1.0158444223301835E-011
          33   0.0000000000000000        0.0000000000000000     
  -2.0087575701042272E-012  -1.0288169141576809E-012
   1.2393225444686165E-011   1.7534278072314350E-011
          34   0.0000000000000000        0.0000000000000000     
  -2.3375939486556431E-012   1.5314387089841945E-012
  -3.3774401942093097E-011   1.8913089737615934E-011
          35   0.0000000000000000        0.0000000000000000     
  -3.9645064333415288E-012   1.6233769232641693E-012
  -2.5102839013413903E-011  -1.7235545137515155E-011
          36   0.0000000000000000        0.0000000000000000     
  -2.0905859468550617E-012   1.0216372301206592E-012
  -9.2033666469815156E-012  -2.7657454814861863E-011
          37   0.0000000000000000        0.0000000000000000     
  -4.0690616931846293E-012   1.0665320209126527E-012
   2.0494631403999502E-011  -2.6113414042450748E-011
          38   0.0000000000000000        0.0000000000000000     
  -2.2738576793955033E-012   2.0297461716573596E-012
   2.6343266963144288E-011   2.1995301480150260E-011
          39   0.0000000000000000        0.0000000000000000     
   1.5501802511850244E-012   4.3247648889685015E-012
  -2.1975737770965110E-011   1.1944650136622695E-011
          40   0.0000000000000000        0.0000000000000000     
  -7.8464972565213067E-013   1.5491833003674255E-012
   5.5378535503764636E-012  -3.8486531450521363E-011
          41   0.0000000000000000        0.0000000000000000     
  -8.7140173050134136E-013   2.2164855159024703E-012
   3.1245886823728018E-011   5.8740097851223006E-012
          42   0.0000000000000000        0.0000000000000000     
   3.2698562810163369E-012   2.8343432186764923E-012
   1.8762597146016508E-011   4.2370795994664222E-012
          43   0.0000000000000000        0.0000000000000000     
   3.3819957125402684E-012   1.2096110976294471E-012
   3.2792120220550507E-011   2.2933396305994123E-011
          44   0.0000000000000000        0.0000000000000000     
   2.2944590931977370E-012   9.1506375232664624E-014
   3.8907852307352971E-012   1.9615917129974209E-011
          45   0.0000000000000000        0.0000000000000000     
   4.2402827822381702E-012   2.5697223301356526E-013
   3.0627726917650281E-011   2.7186564247229256E-011
          46   0.0000000000000000        0.0000000000000000     
   4.9716285487720276E-012   1.2206851394742961E-012
  -2.8770038453897173E-011   4.7300607108184699E-011
          47   0.0000000000000000        0.0000000000000000     
   2.3145385552441869E-012   2.1718316713621331E-013
  -3.0994145087496215E-011  -2.4693791114769590E-011
          48   0.0000000000000000        0.0000000000000000     
   9.8745797747874158E-013  -4.4668239646943834E-012
   1.2875743200210626E-011  -3.2350596278682627E-011
          49   0.0000000000000000        0.0000000000000000     
   8.7481665725477311E-013  -1.8723104610709045E-012
   2.3632094154356772E-011  -1.3312375140442321E-011
          50   0.0000000000000000        0.0000000000000000     
   1.6704142807961721E-012  -3.0168964383014832E-012
   3.3930523365401560E-011   1.8993879419887074E-011
          51   0.0000000000000000        0.0000000000000000     
   1.8078730279843111E-012  -4.5099001038104920E-012
  -9.6062404684350891E-012   4.1790463739427051E-011
          52   0.0000000000000000        0.0000000000000000     
  -2.1811239326574449E-012  -1.9425179731895918E-012
  -3.8854264218747622E-011  -1.3920568414396305E-011
          53   0.0000000000000000        0.0000000000000000     
  -1.1654576921453866E-012  -1.5785237473273166E-012
   2.5356961767252108E-011  -8.3698437081993874E-013
          54   0.0000000000000000        0.0000000000000000     
  -4.1435405689252316E-013  -2.9614447722614064E-012
  -1.8815881609658752E-012   2.4886595186937655E-011
          55   0.0000000000000000        0.0000000000000000     
  -2.1556277299069102E-012  -2.0515243403169872E-012
  -2.5379363638751586E-012   1.7959646007581296E-011
          56   0.0000000000000000        0.0000000000000000     
  -3.3843901752505485E-012   4.5366970793931148E-013
  -3.9854759719576316E-011   2.8814180849032900E-011
          57   0.0000000000000000        0.0000000000000000     
  -3.5463413052661100E-012  -1.2042445182943978E-013
  -9.4252965097429329E-012  -1.6378951658109478E-011
          58   0.0000000000000000        0.0000000000000000     
  -1.1417947970140162E-012   4.5423141120931772E-013
  -9.4783433263211998E-012   3.9932300918486451E-011
          59   0.0000000000000000        0.0000000000000000     
  -2.5841077773446559E-012   3.0891428027706329E-012
  -6.9811373833111524E-011   2.0427711641619578E-012
          60   0.0000000000000000        0.0000000000000000     
  -5.2318692046774212E-012   3.1493405810649334E-012
  -3.6096721470267588E-011  -3.6581131647834380E-011
          61   0.0000000000000000        0.0000000000000000     
  -6.9743716883407666E-013   3.6266517930207827E-012
   2.9502478452475443E-012  -4.2164795735072276E-011
          62   0.0000000000000000        0.0000000000000000     
  -1.9999821825305089E-013   1.2566008857336528E-012
   4.1805540831273618E-011  -1.0769039682928673E-011
          63   0.0000000000000000        0.0000000000000000     
  -8.1376097674854745E-014   2.0739724586414655E-012
   1.1297252159067188E-011   4.5232208249435186E-011
          64   0.0000000000000000        0.0000000000000000     
   5.0075649139760726E-013   5.1113308562514957E-012
  -4.0952887893468001E-011   4.1924764830312770E-012
          65   0.0000000000000000        0.0000000000000000     
   2.4593419003099094E-012   1.6204147887039308E-012
   2.4808769449907409E-011  -4.1975560693313130E-011
          66   0.0000000000000000        0.0000000000000000     
   1.8583850675177508E-012   7.3021020012666364E-013
   3.0114175840647849E-011   2.0425954602602196E-011
          67   0.0000000000000000        0.0000000000000000     
   2.4951971358438427E-012   1.3154386963860000E-012
   1.0514457840587472E-011   6.8649972576834298E-012
          68   0.0000000000000000        0.0000000000000000     
   4.0407120934796386E-012   1.7591562025319326E-012
  -5.4194547197970018E-012   2.5217643598087217E-011
          69   0.0000000000000000        0.0000000000000000     
   2.8748827965801756E-012  -5.1240782870610464E-015
  -1.5556509284306462E-011  -2.9274890006496093E-011
          70   0.0000000000000000        0.0000000000000000     
   3.4589915002537724E-012  -2.9035383279448541E-012
   3.6411018202491616E-011   2.0229110105519021E-012
          71   0.0000000000000000        0.0000000000000000     
   2.5669585230256711E-012  -1.2388891360133944E-012
  -3.3333331952371018E-011   1.4906087055759444E-011
          72   0.0000000000000000        0.0000000000000000     
   1.0097563567267025E-012  -7.1518985668949768E-013
  -1.6901235129463595E-011  -3.6644717447219636E-011
          73   0.0000000000000000        0.0000000000000000     
   1.9092246987474031E-012  -4.4176670793465805E-012
   1.5704090583740819E-011  -3.6300185260968391E-011
          74   0.0000000000000000        0.0000000000000000     
  -1.5015742688767699E-012  -4.9714205515108060E-012
   4.3698321556153736E-011  -2.7466518618457010E-011
          75   0.0000000000000000        0.0000000000000000     
  -3.5408236178797439E-013  -2.6084593492591903E-012
   3.9419108755718470E-011   3.9568435501132718E-011
          76   0.0000000000000000        0.0000000000000000     
  -1.1896239818500915E-013  -1.7516466018943789E-012
  -4.1283389667919500E-011   3.6858548862428121E-011
          77   0.0000000000000000        0.0000000000000000     
  -3.1000643502245562E-012  -4.2040393011561137E-012
  -2.8363933922876671E-011  -5.3906803332807738E-011
          78   0.0000000000000000        0.0000000000000000     
  -3.7887673262739348E-012  -1.1940132979336317E-012
   2.4537613286898951E-011  -1.3840870956305244E-011
          79   0.0000000000000000        0.0000000000000000     
  -3.7232953555547240E-012  -5.4663422914035893E-013
  -3.0947889668678624E-012   1.0140148825989517E-012
          80   0.0000000000000000        0.0000000000000000     
  -2.2435599550355651E-012   3.3755386831317974E-013
   5.2742646605298440E-012   2.1709307750396625E-011
          81   0.0000000000000000        0.0000000000000000     
  -3.0676702842526914E-012   1.4146502988930752E-012
  -4.7574517381389477E-011  -5.6515088145635839E-012
          82   0.0000000000000000        0.0000000000000000     
  -4.3085771193227494E-012   1.6217962464466939E-012
   2.4544196314103716E-011  -2.3295632956749539E-011
          83   0.0000000000000000        0.0000000000000000     
  -9.2989635222121907E-013   3.8007685781054785E-012
  -4.2830688524984469E-012   4.7521396911683160E-011
          84   0.0000000000000000        0.0000000000000000     
  -8.3349670535353577E-014   3.5121650508360828E-012
  -3.7084117042588339E-011  -1.8956967867344615E-011
          85   0.0000000000000000        0.0000000000000000     
  -2.0464559087890547E-012   1.6206658179127775E-012
   9.2955660312054313E-012  -3.0674491714921822E-011
          86   0.0000000000000000        0.0000000000000000     
  -9.3240627449581174E-013   3.8762582973787686E-012
   2.4755663369644298E-011  -5.1902783101090399E-012
          87   0.0000000000000000        0.0000000000000000     
   2.8555971538510084E-012   3.0141969582175556E-012
   3.4057535536114039E-011   1.3511257929976413E-011
          88   0.0000000000000000        0.0000000000000000     
   2.7141086781832294E-012   2.1812927766185714E-012
  -7.0400887803748292E-012   5.0305287834344577E-011
          89   0.0000000000000000        0.0000000000000000     
   8.6531381755013096E-013   2.2172361973805013E-012
  -5.6643012350834153E-011  -1.1312335569748987E-011
          90   0.0000000000000000        0.0000000000000000     
   4.0101511379576899E-012   1.9312339424972965E-012
   1.9778024261124894E-011  -3.7858781358578995E-011
          91   0.0000000000000000        0.0000000000000000     
   4.0635800823075054E-012   7.0978373653159715E-013
   1.1989406738116250E-011  -1.4822536545677347E-012
          92   0.0000000000000000        0.0000000000000000     
   3.7262583438812769E-012  -1.9022581164510114E-012
   3.2424157951774885E-011   5.0007821548382253E-013
          93   0.0000000000000000        0.0000000000000000     
   2.7495556632195948E-012  -2.3070207383121888E-012
  -2.2336802617157842E-011   2.6950970519926648E-011
          94   0.0000000000000000        0.0000000000000000     
   2.1560866368648457E-012  -1.0939097263273050E-012
  -2.6070447302147429E-012  -5.2768795586684517E-011
          95   0.0000000000000000        0.0000000000000000     
   2.7620627521758441E-012  -3.5092570670475303E-012
   4.9593334454404444E-011   1.3130129807619295E-011
          96   0.0000000000000000        0.0000000000000000     
   5.9267586680917518E-013  -4.9997985273699279E-012
  -1.8096147879206925E-011   5.2971853079554928E-012
          97   0.0000000000000000        0.0000000000000000     
  -1.7107641219860507E-012  -2.5005532062633645E-012
  -6.9455366608380552E-012  -2.0519963351826318E-011
          98   0.0000000000000000        0.0000000000000000     
  -1.8912785070337791E-013  -2.8087817255135134E-012
   9.6296695329072964E-012  -1.8934627219487543E-011
          99   0.0000000000000000        0.0000000000000000     
  -1.1982853066416214E-012  -5.3827405389670687E-012
   3.7019525370709246E-011  -3.5995408923702092E-012
         100   0.0000000000000000        0.0000000000000000     
  -2.8386626436749972E-012  -2.5478451026362766E-012
   1.3086383885813547E-011   5.3231549671538983E-011
         101   0.0000000000000000        0.0000000000000000     
  -4.1243342817833258E-012   2.0802195166607468E-013
  -7.0509390109211100E-011   3.3129476973228094E-011
         102   0.0000000000000000        0.0000000000000000     
  -3.7476097473581239E-012  -1.2243340123006894E-012
  -1.0894597631894327E-011  -4.9992703032275880E-011
         103   0.0000000000000000        0.0000000000000000     
  -2.9493042209142019E-012  -1.9011821414729105E-014
   2.0572588566929905E-011   1.8864874096015751E-011
         104   0.0000000000000000        0.0000000000000000     
  -4.3084767590623803E-012   1.6734050283982207E-012
  -1.2939761481675076E-011   4.2673046620275422E-012
         105   0.0000000000000000        0.0000000000000000     
  -3.8741990660834640E-012   3.4798287809331596E-012
  -2.3059716634685908E-012   2.2901351243848005E-011
         106   0.0000000000000000        0.0000000000000000     
  -3.4791418366488475E-013   3.2500695236268114E-012
  -2.1183593336589757E-011  -2.5975023631289419E-011
         107   0.0000000000000000        0.0000000000000000     
  -1.3699690144404374E-012   2.2620890686151907E-012
   5.6001261055809661E-011   7.3980034164210047E-012
         108   0.0000000000000000        0.0000000000000000     
  -1.1991646511636587E-012   4.4968237403965469E-012
  -2.2679416413037648E-011   6.6848973845787332E-011
         109   0.0000000000000000        0.0000000000000000     
   2.0502186251494791E-012   5.8704578841499117E-012
  -3.2003795817673534E-011  -9.0131971649131362E-012
         110   0.0000000000000000        0.0000000000000000     
   2.5379984367337099E-012   2.0141384753476772E-012
   1.4664035022104965E-011  -1.8779317940901741E-011
         111   0.0000000000000000        0.0000000000000000     
   1.9214230427580409E-012   1.9908399036940274E-012
   3.9025823695942223E-011   4.7432130870511957E-012
         112   0.0000000000000000        0.0000000000000000     
   4.5492698559414776E-012   1.7116662315927540E-012
   4.3055626659996554E-011   4.7659405017225841E-011
         113   0.0000000000000000        0.0000000000000000     
   5.3288574867349324E-012   1.6754944755949956E-012
  -3.3867562414943260E-011   7.0879822768581890E-011
         114   0.0000000000000000        0.0000000000000000     
   3.2910780926164500E-012  -6.0121156359947320E-013
  -6.2036365216316456E-011  -4.2249990016953044E-011
         115   0.0000000000000000        0.0000000000000000     
   2.5752227317678795E-012  -2.9232455777164066E-012
   3.8644991463360924E-011  -3.8696073546376286E-011
         116   0.0000000000000000        0.0000000000000000     
   2.8875249674119263E-012  -1.4378844879118746E-012
   2.2236972227224203E-012   1.0675932078997309E-011
         117   0.0000000000000000        0.0000000000000000     
   3.0607725710136720E-012  -1.9439261305349651E-012
   1.3487686943564696E-011   9.0535361001372469E-012
         118   0.0000000000000000        0.0000000000000000     
   1.8612969523982567E-012  -5.3045178341437563E-012
  -4.3204537932357298E-011  -4.4065043170474455E-013
         119   0.0000000000000000        0.0000000000000000     
  -1.1641131667352215E-012  -3.5102591804600124E-012
   1.4872692189628925E-011  -6.2322279465460232E-011
         120   0.0000000000000000        0.0000000000000000     
   7.4558563276638361E-014  -3.0546570640929263E-012
   4.6488755816381923E-011   3.9713366016108072E-011
         121   0.0000000000000000        0.0000000000000000     
   4.8170273351544673E-014  -4.2493665491663354E-012
  -4.8220493907645876E-011   2.9550627803559647E-011
         122   0.0000000000000000        0.0000000000000000     
  -4.5922922654717151E-012  -3.7289927842269564E-012
  -4.5522732711760717E-011  -4.2411963170904136E-011
         123   0.0000000000000000        0.0000000000000000     
  -4.4486201448783511E-012  -1.2115125871818970E-012
   8.2743564607999773E-012  -4.5409529059221919E-011
         124   0.0000000000000000        0.0000000000000000     
  -4.1514873491053717E-012  -1.2146061796060846E-012
   4.0160659138941527E-011  -1.1517655390291161E-011
         125   0.0000000000000000        0.0000000000000000     
  -2.9248821459698928E-012  -3.9613077644472935E-013
   1.1057598485317349E-011   5.9191957566662072E-011
         126   0.0000000000000000        0.0000000000000000     
  -4.3719136638133627E-012   2.0130235425624369E-012
  -9.1417338650676187E-011   1.1865628571074213E-011
         127   0.0000000000000000        0.0000000000000000     
  -5.0559422781276612E-012   3.3647567959331452E-012
  -1.0030331766417033E-011  -6.4920319302833023E-011
         128   0.0000000000000000        0.0000000000000000     
  -1.3220786898703983E-012   3.7441820904726552E-012
   1.6707271158931754E-011   1.5164760404305787E-012
         129   0.0000000000000000        0.0000000000000000     
  -9.7412713035690118E-013   2.5934921671749891E-012
   2.0305033316503256E-011  -3.5648810742642247E-012
         130   0.0000000000000000        0.0000000000000000     
  -2.0767680372423841E-012   4.1574997810460282E-012
  -1.6099668404160189E-011   4.6339623291285275E-011
         131   0.0000000000000000        0.0000000000000000     
   1.5329871120173127E-012   6.1370922624644972E-012
  -3.5095729972590004E-011  -4.2637235070975439E-011
         132   0.0000000000000000        0.0000000000000000     
   3.1192612819830132E-012   2.7364516305049393E-012
   6.3867701336265701E-011  -1.4210897574225785E-011
         133   0.0000000000000000        0.0000000000000000     
   2.6583942646773708E-012   2.4164098270887709E-012
   6.2023179758967961E-012   5.0550184661972513E-011
         134   0.0000000000000000        0.0000000000000000     
   3.1673791756189126E-012   2.9406162868656578E-012
  -3.8300990530541905E-011   1.2360548423608830E-011
         135   0.0000000000000000        0.0000000000000000     
   4.9442982848146725E-012   9.9106567092957574E-013
  -2.0869710759990113E-011  -3.6290026641057608E-011
         136   0.0000000000000000        0.0000000000000000     
   4.0481542382037735E-012  -3.1693095518646166E-013
   2.1725706528288273E-011  -4.2438794947891699E-011
         137   0.0000000000000000        0.0000000000000000     
   3.4544612137828183E-012  -3.1676754026674505E-012
   6.5174281184735024E-011   2.4618899616535795E-012
         138   0.0000000000000000        0.0000000000000000     
   3.2808122624550601E-012  -1.7630811896847333E-012
  -1.7784878753047016E-011   6.5725107172793753E-011
         139   0.0000000000000000        0.0000000000000000     
   3.1640924197549163E-012  -1.9708619663610633E-012
  -4.6043964611390734E-011  -4.6048218390636759E-011
         140   0.0000000000000000        0.0000000000000000     
   2.1886711409107404E-012  -5.4373621876405123E-012
   3.6163519221327175E-011  -2.6991694019936672E-011
         141   0.0000000000000000        0.0000000000000000     
  -1.1442761954484640E-012  -4.6211082867869700E-012
  -5.4851097171123794E-012  -1.1098329008167837E-011
         142   0.0000000000000000        0.0000000000000000     
  -1.0077672576752676E-012  -2.6717417757201430E-012
   1.6275405843871002E-011   4.3303361826037177E-012
         143   0.0000000000000000        0.0000000000000000     
  -1.0611345371146434E-012  -4.4817553100999195E-012
  -3.7567013300297117E-011  -1.4298031981145563E-011
         144   0.0000000000000000        0.0000000000000000     
  -4.0554962718696445E-012  -3.8326856509170992E-012
   2.9666552649940441E-011  -5.4095078890878407E-011
         145   0.0000000000000000        0.0000000000000000     
  -3.6452820578950750E-012  -1.3165696377850155E-012
   3.2460003109804923E-011   4.4182613180469431E-011
         146   0.0000000000000000        0.0000000000000000     
  -3.8387612748812903E-012   2.6958874070487765E-013
  -4.1001008693452767E-011   3.0851891487186066E-011
         147   0.0000000000000000        0.0000000000000000     
  -3.6713066168206395E-012  -3.6640994180322873E-013
  -2.9609146623009722E-011  -2.7022190836450507E-011
         148   0.0000000000000000        0.0000000000000000     
  -3.5941886402454743E-012   9.3072296711553472E-013
   4.9697757853040369E-012  -2.4900109974093377E-011
         149   0.0000000000000000        0.0000000000000000     
  -4.5338099872615067E-012   2.0961067593376075E-012
   2.8966308846961796E-011  -1.6621800830068951E-011
         150   0.0000000000000000        0.0000000000000000     
  -1.8735677401674454E-012   3.7911281902146189E-012
   3.2200315802518737E-011   4.9374707571399174E-011
         151   0.0000000000000000        0.0000000000000000     
  -6.5291080382004411E-013   2.8620179696710157E-012
  -4.9200666519191097E-011   1.6396544048128019E-011
         152   0.0000000000000000        0.0000000000000000     
  -1.8439659402030994E-012   3.5539690980275098E-012
   1.6158199932144607E-011  -2.5514176514279543E-011
         153   0.0000000000000000        0.0000000000000000     
   3.7103432057307793E-014   5.7222356270091704E-012
   4.3773884097677906E-012   2.1071181117863781E-011
         154   0.0000000000000000        0.0000000000000000     
   3.3385033282413140E-012   3.5804152646841917E-012
   2.5351605805510911E-011   1.8519492350812932E-012
         155   0.0000000000000000        0.0000000000000000     
   2.6702158662634193E-012   2.2368144957324001E-012
  -6.1065693743286023E-012   4.2161809704349394E-011
         156   0.0000000000000000        0.0000000000000000     
   2.6174565679034443E-012   2.7070978659808342E-012
  -1.6966513773297477E-011  -3.1969047321723252E-011
         157   0.0000000000000000        0.0000000000000000     
   4.4821846377421305E-012   7.8367022268646545E-013
   5.8843313664408988E-011  -2.6561398730237527E-013
         158   0.0000000000000000        0.0000000000000000     
   5.0372678642587164E-012   1.9545574725035133E-014
   9.8118890598951412E-012   5.0854137007955811E-011
         159   0.0000000000000000        0.0000000000000000     
   3.4136481387346606E-012  -1.8979570579287580E-012
  -3.0284057834290980E-011   2.9452778700479931E-013
         160   0.0000000000000000        0.0000000000000000     
   2.4653978230588675E-012  -2.2314502806994654E-012
  -4.6894992860292488E-012  -2.8970555670433649E-011
         161   0.0000000000000000        0.0000000000000000     
   2.6276668700744590E-012  -2.1299725397922911E-012
   1.9535096101212286E-011  -2.7741492457035562E-011
         162   0.0000000000000000        0.0000000000000000     
   2.7653051124387196E-012  -4.7280309052076837E-012
   4.9766082907170819E-011   1.1617645951876442E-011
         163   0.0000000000000000        0.0000000000000000     
  -6.8557718098884456E-013  -4.6906315094415557E-012
  -3.5834962331444637E-011   3.4888803481209267E-011
         164   0.0000000000000000        0.0000000000000000     
  -1.0574701364516615E-012  -2.5528876275242954E-012
  -1.1320655844433304E-011  -4.3824040219345916E-011
         165   0.0000000000000000        0.0000000000000000     
  -8.0519258720259606E-013  -3.2430931420690204E-012
   2.8841813645075211E-011   6.1908549929388673E-012
         166   0.0000000000000000        0.0000000000000000     
  -2.9078132208614144E-012  -3.8994009650531288E-012
   2.3634084292832658E-012  -9.3972872786337470E-013
         167   0.0000000000000000        0.0000000000000000     
  -3.3340333142888960E-012  -1.5524703853618397E-012
  -1.2924241473507703E-012   3.9270529553874528E-011
         168   0.0000000000000000        0.0000000000000000     
  -3.2003547613865302E-012   5.9581929527166432E-014
  -5.8109794030171346E-011  -7.4018140711185982E-012
         169   0.0000000000000000        0.0000000000000000     
  -3.7027911938632340E-012  -2.5099031307431104E-013
   1.5157144817579257E-011  -4.3869691062732488E-011
         170   0.0000000000000000        0.0000000000000000     
  -2.9791116454141199E-012  -3.5997447659035766E-014
   2.9152272600118239E-011   2.8953801192447122E-011
         171   0.0000000000000000        0.0000000000000000     
  -3.5726415025517266E-012   2.0618747471801824E-012
  -3.4619347742589249E-011   4.1645047687579463E-011
         172   0.0000000000000000        0.0000000000000000     
  -2.7793732715359711E-012   3.6448058254040560E-012
  -3.8313963892964808E-011  -6.3495697676033282E-012
         173   0.0000000000000000        0.0000000000000000     
  -7.8993619581778168E-013   3.1093807687493611E-012
  -1.4375606866074856E-011  -1.5646981150929382E-011
         174   0.0000000000000000        0.0000000000000000     
  -1.4148213081354301E-012   2.5756414493632302E-012
   2.4741627199489590E-011  -2.0974121309896377E-011
         175   0.0000000000000000        0.0000000000000000     
  -2.7903648226633232E-013   4.5801050071715698E-012
   1.3869423492338142E-011   5.2738741942876162E-011
         176   0.0000000000000000        0.0000000000000000     
   2.6886812902618710E-012   3.6213175625351450E-012
  -4.3763242888667633E-011  -6.4168455705733344E-012
         177   0.0000000000000000        0.0000000000000000     
   2.3309051633003645E-012   2.0441834737710934E-012
   2.9135947365845909E-011  -2.0823600177412815E-011
         178   0.0000000000000000        0.0000000000000000     
   1.8810265165956908E-012   1.8796853019809867E-012
   8.8304574340572368E-012   9.7238176799326322E-012
         179   0.0000000000000000        0.0000000000000000     
   3.4318955963470119E-012   1.3169571881628789E-012
   2.3120522565979232E-011   1.8181858132879456E-011
         180   0.0000000000000000        0.0000000000000000     
   4.1490616513335640E-012   4.6505442660642146E-013
  -3.1841518144160534E-011   2.9966929928626436E-011
         181   0.0000000000000000        0.0000000000000000     
   3.1286958047091350E-012  -4.2247308887211076E-013
  -1.4975694902046515E-011  -4.0531545922939830E-011
         182   0.0000000000000000        0.0000000000000000     
   2.3257176711933800E-012  -2.1478423690662041E-012
   3.1216399240933536E-011  -5.4936898988315889E-012
         183   0.0000000000000000        0.0000000000000000     
   2.7336466952837852E-012  -1.4606686062240491E-012
  -1.9808023241056497E-012   2.3034082857346424E-011
         184   0.0000000000000000        0.0000000000000000     
   2.7312166521548679E-012  -2.6984921581214295E-012
  -1.6945637069844651E-011  -7.7254641126550322E-012
         185   0.0000000000000000        0.0000000000000000     
   7.6620405398244836E-013  -4.5398141354762640E-012
  -5.8766824139559733E-012  -1.6866606521127493E-011
         186   0.0000000000000000        0.0000000000000000     
  -1.1117610223355479E-012  -3.0386141331545202E-012
  -2.4399020245023930E-013  -2.6432923370979777E-011
         187   0.0000000000000000        0.0000000000000000     
  -3.3304699144289493E-013  -2.5907877789442468E-012
   2.4676056091877029E-011   1.0952677440039704E-011
         188   0.0000000000000000        0.0000000000000000     
  -1.6223147136784602E-012  -3.7420883651593652E-012
  -4.1514899721257742E-011   1.0404682947045734E-012
         189   0.0000000000000000        0.0000000000000000     
  -3.3363313478262115E-012  -2.2776351398614270E-012
   4.7690777008893678E-012  -4.2966005870959504E-011
         190   0.0000000000000000        0.0000000000000000     
  -3.1667252195051469E-012  -7.3117414522116381E-013
   6.8186617258478958E-012   7.3711972235725172E-012
         191   0.0000000000000000        0.0000000000000000     
  -3.0438401935990819E-012  -3.7222673674434143E-013
   8.3928503954377972E-012  -9.9132675959434728E-012
         192   0.0000000000000000        0.0000000000000000     
  -2.8530033630454973E-012  -2.5572156273815636E-013
   1.1055866698953956E-013   3.3878027961004311E-011
         193   0.0000000000000000        0.0000000000000000     
  -3.1740228596347739E-012   1.4785049285174862E-012
  -4.1619544906807244E-011  -3.5728424677360882E-012
         194   0.0000000000000000        0.0000000000000000     
  -3.4166819884525710E-012   2.8132012669262250E-012
   4.6348828267666790E-012  -2.3131066508395790E-011
         195   0.0000000000000000        0.0000000000000000     
  -7.5161934421492701E-013   2.6932231192080069E-012
   1.7283448336152346E-011   8.5421391204405725E-012
         196   0.0000000000000000        0.0000000000000000     
  -8.4183530038956015E-013   2.2109500395420307E-012
  -2.6016870294058482E-012   1.1741481666320763E-011
         197   0.0000000000000000        0.0000000000000000     
  -9.6826676612674777E-013   3.4088488615085300E-012
  -4.6343044200333672E-012   4.4940201220415889E-012
         198   0.0000000000000000        0.0000000000000000     
   1.2740327711924141E-012   3.6156910106946909E-012
  -2.3581231221273118E-012  -7.7127156831238488E-012
         199   0.0000000000000000        0.0000000000000000     
   2.1627325946066288E-012   1.7991951118736583E-012
   3.2240879328249197E-011   2.9224261326252420E-012
         200   0.0000000000000000        0.0000000000000000     
   1.4906399872613652E-012   1.8382600000600383E-012
  -1.8740904139285389E-011   3.5397753462319785E-011
         201   0.0000000000000000        0.0000000000000000     
   2.0506218903679506E-012   2.0110932055176165E-012
  -1.2300741890036061E-011  -3.6249699122176488E-011
         202   0.0000000000000000        0.0000000000000000     
   3.1690342864846466E-012   7.9110763470494419E-013
   3.6913318061119336E-011   4.9532668128472540E-012
         203   0.0000000000000000        0.0000000000000000     
   3.1394150019963135E-012  -1.2252138659867107E-013
   6.2117800270591252E-012   6.4235209967662285E-012
         204   0.0000000000000000        0.0000000000000000     
   2.5878675851016732E-012  -1.1486995765973192E-012
   1.5872247208756137E-011   1.3239462863259170E-011
         205   0.0000000000000000        0.0000000000000000     
   2.5083986463842963E-012  -1.1033872982674989E-012
  -1.9214318980010453E-011   4.3544487405267269E-012
         206   0.0000000000000000        0.0000000000000000     
   2.3763674932266441E-012  -1.6160538665176895E-012
   8.1722326640858071E-012  -2.4796799737174129E-011
         207   0.0000000000000000        0.0000000000000000     
   1.7682654920800198E-012  -3.8309224591921574E-012
   2.1743940723025636E-011   2.4827921349524270E-013
         208   0.0000000000000000        0.0000000000000000     
  -3.3968256689437609E-013  -3.0481324711250907E-012
  -9.5513127911948906E-012   5.4071848511448276E-012
         209   0.0000000000000000        0.0000000000000000     
  -3.0798093349600413E-013  -2.0684157752324492E-012
  -9.7297383968729459E-013  -1.5425736330647998E-011
         210   0.0000000000000000        0.0000000000000000     
  -5.1769369073040494E-013  -2.9429367586487421E-012
   6.9240404502857399E-012  -2.5187278280735302E-012
         211   0.0000000000000000        0.0000000000000000     
  -2.2490212422529115E-012  -3.0914709373083062E-012
   9.4521682164146123E-012  -5.8760592505146225E-012
         212   0.0000000000000000        0.0000000000000000     
  -2.2998663326656397E-012  -1.0722010325738573E-012
  -5.7128711696287967E-012   3.6062148049967941E-011
         213   0.0000000000000000        0.0000000000000000     
  -2.4778574185320723E-012  -4.6847229962647437E-013
  -4.4988144437240924E-011  -1.9403916275037131E-011
         214   0.0000000000000000        0.0000000000000000     
  -2.7461981337040382E-012  -7.9993318267260507E-013
   2.4048942789578556E-011  -2.4286733944731516E-011
         215   0.0000000000000000        0.0000000000000000     
  -2.8836062608312293E-012   4.9703665610812438E-014
   2.4809491227887824E-012   1.3833359567238516E-011
         216   0.0000000000000000        0.0000000000000000     
  -3.0242914984844499E-012   1.4789857478001799E-012
   7.0936422403073178E-012   1.2925380830040702E-011
         217   0.0000000000000000        0.0000000000000000     
  -1.7151109461721255E-012   2.5326687843888708E-012
  -2.7130595835073824E-011   2.3394362027114571E-011
         218   0.0000000000000000        0.0000000000000000     
  -1.0987100889433697E-012   2.1265500409778143E-012
  -1.6742449029345102E-011  -2.3983490023178456E-011
         219   0.0000000000000000        0.0000000000000000     
  -1.5348756645327452E-012   2.2150629101125174E-012
   1.5353656000426448E-011  -3.6916889140035205E-012
         220   0.0000000000000000        0.0000000000000000     
  -8.8920967128678484E-014   3.6658283113717917E-012
   2.3972313766885194E-012   1.6328301947508387E-011
         221   0.0000000000000000        0.0000000000000000     
   1.6798827605570944E-012   2.5028602991372804E-012
  -4.5643568689650376E-012   2.8264083349493132E-012
         222   0.0000000000000000        0.0000000000000000     
   1.2614320412571979E-012   1.8759688682896967E-012
   3.1590078898603198E-012   2.5217681743442185E-012
         223   0.0000000000000000        0.0000000000000000     
   1.1700884556346053E-012   1.9305742132075843E-012
   5.0945394609914058E-012  -3.9781166703156291E-012
         224   0.0000000000000000        0.0000000000000000     
   3.0749117675952452E-012   1.5212306123955518E-012
   2.1234118898802911E-011   2.3683677822727407E-011
         225   0.0000000000000000        0.0000000000000000     
   3.0451278417204491E-012   6.5829747831563988E-013
  -3.5229190441501973E-011   1.3436304561413358E-011
         226   0.0000000000000000        0.0000000000000000     
   2.3583582815965156E-012  -5.1749676837248537E-013
   6.4098472949189424E-012  -3.9469274022975292E-011
         227   0.0000000000000000        0.0000000000000000     
   2.0846623673037560E-012  -1.0722649527103471E-012
   1.8183792576896168E-011   4.2126882319547263E-012
         228   0.0000000000000000        0.0000000000000000     
   2.4385699350935892E-012  -1.1253995883013520E-012
   8.7779602931419179E-012  -3.1084495935922526E-012
         229   0.0000000000000000        0.0000000000000000     
   2.1600445252983896E-012  -2.4100974352665123E-012
   3.9351635064431335E-013   1.7036136762479756E-011
         230   0.0000000000000000        0.0000000000000000     
   3.1974298981370845E-013  -2.8094820924874163E-012
  -2.5652803424443400E-011  -1.5960997154733138E-011
         231   0.0000000000000000        0.0000000000000000     
  -2.1310863401343259E-013  -1.8884792828632476E-012
   7.9236075269509582E-012  -2.2345150083957579E-011
         232   0.0000000000000000        0.0000000000000000     
   2.8900362062340207E-013  -2.1372511840210636E-012
   1.2215891982062447E-011  -2.0120742893616624E-012
         233   0.0000000000000000        0.0000000000000000     
  -8.9243946547526322E-013  -3.1297312866325866E-012
   1.7789316795748911E-012  -3.4522920611376832E-013
         234   0.0000000000000000        0.0000000000000000     
  -1.8178697604637419E-012  -1.7506503333773163E-012
  -1.8422051645581281E-012   4.0923424272116932E-012
         235   0.0000000000000000        0.0000000000000000     
  -2.0091514346139674E-012  -9.1660998881058272E-013
  -1.3241684118814784E-011  -5.5531672403874535E-012
         236   0.0000000000000000        0.0000000000000000     
  -1.8167241454727512E-012  -1.4439558482640012E-012
   1.7094030697083471E-011  -7.7890932723558079E-012
         237   0.0000000000000000        0.0000000000000000     
  -2.5091037627398137E-012  -6.0364336161124064E-013
  -1.7523877407285691E-011   2.8638131304686089E-011
         238   0.0000000000000000        0.0000000000000000     
  -3.0884059619612003E-012   5.8125528968314915E-013
  -2.6827959745635042E-011  -2.6345314042971290E-011
         239   0.0000000000000000        0.0000000000000000     
  -2.5657276132710612E-012   1.4432733218347696E-012
   1.6256199634434457E-011  -2.8411587422927447E-012
         240   0.0000000000000000        0.0000000000000000     
  -1.2958818512755329E-012   1.6080491723063517E-012
  -2.1855478252961311E-012   6.2064364396876281E-012
         241   0.0000000000000000        0.0000000000000000     
  -1.6127300446118317E-012   1.7459134600146964E-012
   1.2363915994523138E-012   1.3942100588458596E-011
         242   0.0000000000000000        0.0000000000000000     
  -1.3479474482149443E-012   2.9137514250584113E-012
  -2.1918867189047339E-011   4.3350219486673411E-012
         243   0.0000000000000000        0.0000000000000000     
   5.4938704567691588E-013   2.9854364556402471E-012
   6.2230808636303446E-012  -1.2426341159185266E-011
         244   0.0000000000000000        0.0000000000000000     
   1.0138633291819311E-012   1.8171472771333433E-012
   1.1581663912246900E-011   7.6596003223183083E-012
         245   0.0000000000000000        0.0000000000000000     
   5.4672895947733163E-013   2.0531033213476790E-012
  -9.3367320589240497E-013   4.9691238960174533E-012
         246   0.0000000000000000        0.0000000000000000     
   1.9065719191185672E-012   2.2175714204704695E-012
   1.2186265886878355E-011   2.7071581069615650E-012
         247   0.0000000000000000        0.0000000000000000     
   2.7642152499140360E-012   1.3089329769538332E-012
   4.0180252246554608E-013   1.6074844887606906E-011
         248   0.0000000000000000        0.0000000000000000     
   2.3879689413996042E-012   1.6911738672391576E-013
   6.9011344248866583E-013  -9.8907264657663631E-012
         249   0.0000000000000000        0.0000000000000000     
   2.3138483707572381E-012  -1.9186342429652109E-013
   8.3287662545400088E-012   1.6548727762091772E-011
         250   0.0000000000000000        0.0000000000000000     
   2.3236323670889153E-012  -3.8768056208024334E-013
  -2.0246899979100301E-011  -1.0727898902404068E-011
         251   0.0000000000000000        0.0000000000000000     
   2.4068467097932794E-012  -1.4372247073850747E-012
   2.2400424078832165E-011  -1.3285536816232848E-011
         252   0.0000000000000000        0.0000000000000000     
   1.6114881201663660E-012  -2.6940995710673028E-012
   3.4226772599852192E-012   4.5543009541688419E-012
         253   0.0000000000000000        0.0000000000000000     
   4.6362961655675211E-013  -1.9610189048388812E-012
   8.3487351402517434E-012   4.3542086753912568E-012
         254   0.0000000000000000        0.0000000000000000     
   6.1997709378921968E-013  -1.7613951025024008E-012
  -1.8139023318556023E-011   8.3622994275306033E-012
         255   0.0000000000000000        0.0000000000000000     
   1.6711383165862613E-013  -2.8962151231745335E-012
  -2.4582249352077997E-012  -2.6314732445220609E-011
         256   0.0000000000000000        0.0000000000000000     
  -1.3944495320870251E-012  -2.8034222490473810E-012
   1.2300474882917846E-011  -3.6879378263262606E-012
         257   0.0000000000000000        0.0000000000000000     
  -1.6452262512352936E-012  -1.3339913540771022E-012
  -2.1440856392643253E-012   3.5963915027147287E-012
         258   0.0000000000000000        0.0000000000000000     
  -1.6488436151672226E-012  -1.5333751994080468E-012
  -9.6475593972082414E-013  -3.3646292428255378E-012
         259   0.0000000000000000        0.0000000000000000     
  -2.2056506674998419E-012  -1.3406858699882599E-012
  -1.8754204808848395E-012   7.4300940801945398E-012
         260   0.0000000000000000        0.0000000000000000     
  -2.9121592876044186E-012  -1.8625047597442725E-013
  -1.6001335787395821E-011  -4.5676450367630384E-012
         261   0.0000000000000000        0.0000000000000000     
  -2.6109171144644004E-012   8.2488196714528843E-013
   8.3263606954495838E-012   3.7114491835222074E-012
         262   0.0000000000000000        0.0000000000000000     
  -1.7335273798676712E-012   1.3666725957665562E-012
  -2.2975438829544512E-011   1.0082002063985640E-011
         263   0.0000000000000000        0.0000000000000000     
  -1.7307095166120820E-012   1.1980281851336589E-012
   4.3376132727789772E-012  -2.2387176796966010E-011
         264   0.0000000000000000        0.0000000000000000     
  -1.8450848680354745E-012   1.7862040394819160E-012
   1.0935829004171662E-011   1.5092741911743928E-011
         265   0.0000000000000000        0.0000000000000000     
  -5.2358651326739803E-013   2.9568239779697333E-012
  -2.0160596590587397E-013   8.8903281730770562E-012
         266   0.0000000000000000        0.0000000000000000     
   4.5029754786162206E-013   2.2015059988803901E-012
  -7.4553842374480065E-012   1.6776589589476884E-011
         267   0.0000000000000000        0.0000000000000000     
   2.0346211894112816E-014   1.9363425907712676E-012
  -1.4759300129520334E-011  -1.4176107031413555E-011
         268   0.0000000000000000        0.0000000000000000     
   4.8213815605616948E-013   2.4951383857198133E-012
   1.8753702965537299E-011  -5.6664048207975135E-012
         269   0.0000000000000000        0.0000000000000000     
   2.4072970678154311E-012   2.2327442522444153E-012
   8.6498382584697196E-012   1.5603743752977586E-011
         270   0.0000000000000000        0.0000000000000000     
   2.2563606496329187E-012   1.1031475789702119E-012
  -3.1579714415574503E-012   3.0522176649497503E-012
         271   0.0000000000000000        0.0000000000000000     
   2.2193816415038954E-012   4.8055050986502444E-013
   6.1620494007925667E-012   7.5788134366249765E-013
         272   0.0000000000000000        0.0000000000000000     
   2.5678886203610595E-012   3.3540470766327898E-013
  -3.6471790421494583E-012   3.7740077357396464E-013
         273   0.0000000000000000        0.0000000000000000     
   2.8461074957404424E-012  -6.0338976304102790E-013
   1.6326275775060846E-011  -7.5835452806221835E-012
         274   0.0000000000000000        0.0000000000000000     
   2.5035821354884665E-012  -1.8764924784575689E-012
  -2.1291263974600779E-012   1.5360271642821900E-011
         275   0.0000000000000000        0.0000000000000000     
   1.1364758262777594E-012  -2.1840844531697261E-012
  -9.3139040509501394E-012  -2.4947757251992356E-011
         276   0.0000000000000000        0.0000000000000000     
   9.3657326834571445E-013  -1.8419103875419305E-012
   2.1896360215077650E-011  -3.9278847553180531E-012
         277   0.0000000000000000        0.0000000000000000     
   1.1588895159430634E-012  -2.6848401090399558E-012
   5.4862969214389689E-012   2.6244035980755753E-012
         278   0.0000000000000000        0.0000000000000000     
  -4.6224551674787356E-013  -3.2772286709097763E-012
  -5.4311249320363602E-013   1.0505628593796601E-011
         279   0.0000000000000000        0.0000000000000000     
  -1.5361216495162420E-012  -1.9764586386407154E-012
  -2.7264520076584310E-011  -8.0788814331419121E-012
         280   0.0000000000000000        0.0000000000000000     
  -1.4998070373201251E-012  -1.7569116779730495E-012
   7.6588904500734819E-012  -2.4968723300136684E-011
         281   0.0000000000000000        0.0000000000000000     
  -1.8187466331866945E-012  -2.0738144143817985E-012
   1.2141577302866970E-011   6.6499605367483808E-012
         282   0.0000000000000000        0.0000000000000000     
  -2.8135476215160551E-012  -8.4010882262964365E-013
  -1.3241675636751388E-011   7.8116195723995691E-012
         283   0.0000000000000000        0.0000000000000000     
  -2.8902848237220783E-012   4.9275834358181346E-014
  -6.5170339095380831E-012  -6.2510706564148603E-012
         284   0.0000000000000000        0.0000000000000000     
  -2.2312038422732463E-012   8.7999344848082479E-013
  -4.3174021661257574E-012   4.2825501757563249E-012
         285   0.0000000000000000        0.0000000000000000     
  -1.9639993999848831E-012   9.4406619865507164E-013
  -2.6909508681257467E-012  -7.5667953260906039E-012
         286   0.0000000000000000        0.0000000000000000     
  -2.2249099950626074E-012   1.4501300293190523E-012
   1.1309755193603439E-012   1.2879515333338770E-011
         287   0.0000000000000000        0.0000000000000000     
  -1.7579798908288713E-012   2.5885395558219107E-012
  -1.6376303506092694E-011  -6.7833859967850078E-012
         288   0.0000000000000000        0.0000000000000000     
  -1.1381013710573113E-013   2.6616351358073768E-012
   1.7294915066332589E-011  -6.7724293846737544E-013
         289   0.0000000000000000        0.0000000000000000     
  -5.4130648818997622E-014   2.0553520717944499E-012
  -3.3814874051295288E-012   1.1010775334822639E-011
         290   0.0000000000000000        0.0000000000000000     
   1.9930211358249672E-014   2.6938649304030210E-012
   7.1384026504813733E-012   8.6079458670867209E-012
         291   0.0000000000000000        0.0000000000000000     
   1.7906295496419560E-012   2.9757603340052855E-012
  -1.5175382351276625E-011   1.6581931152132240E-011
         292   0.0000000000000000        0.0000000000000000     
   2.3492803322661351E-012   1.6969332739093018E-012
  -3.4685204840805704E-012  -1.8695820825323871E-011
         293   0.0000000000000000        0.0000000000000000     
   2.2007066252927495E-012   7.3890509496621493E-013
   1.9906648846031939E-011  -1.5535635533205331E-012
         294   0.0000000000000000        0.0000000000000000     
   2.5784700369539324E-012   6.9383947099190270E-013
   5.2829269817415954E-012   1.2847022645096074E-011
         295   0.0000000000000000        0.0000000000000000     
   2.7727197534522728E-012  -5.4989589630962253E-014
  -4.6294652151654333E-012  -2.6512322996432589E-012
         296   0.0000000000000000        0.0000000000000000     
   2.8341491215097497E-012  -1.1756893229064081E-012
   8.5346547184308447E-012  -4.1766651988323153E-012
         297   0.0000000000000000        0.0000000000000000     
   1.8754885473831960E-012  -2.0493838063346675E-012
  -7.4563804868787923E-013  -6.4249505496832055E-012
         298   0.0000000000000000        0.0000000000000000     
   1.2841378118294107E-012  -1.6899715799924444E-012
   1.2214207545360757E-011  -8.1403227798991270E-013
         299   0.0000000000000000        0.0000000000000000     
   1.4161756776596258E-012  -2.1242759054640348E-012
  -1.2904906779504183E-011   2.5887819705449140E-012
         300   0.0000000000000000        0.0000000000000000     
   7.0443155195401351E-013  -3.4303039695550375E-012
   8.8647415005793973E-012  -2.3660841660822797E-011
