 VERSION172
   3000.0000000000000     
        3000
   1.5350567286626969E-003   34.100000000000001       -118.20000000000000     
  -20.989999999999998       -179.02000000000001        5749.8999999999996     
           0   0.0000000000000000        0.0000000000000000     
   0.0000000000000000        0.0000000000000000     
   0.0000000000000000        0.0000000000000000     
           1   0.0000000000000000        0.0000000000000000     
   1.0614056697950581E-011  -1.7181550019561505E-011
   1.9568762830239099E-011  -1.0929346012423381E-011
           2   0.0000000000000000        0.0000000000000000     
  -7.4205125224803203E-012  -1.9692582747237199E-012
  -9.2837203072752115E-012  -1.9198877385632762E-011
           3   0.0000000000000000        0.0000000000000000     
   1.3909465331865729E-011  -4.3043759443986778E-012
   2.3949572573427715E-011   1.8917266693882175E-011
           4   0.0000000000000000        0.0000000000000000     
  -1.0215373005538886E-011  -9.2697610653135592E-012
  -2.0296569802024332E-011  -5.4414992053039204E-011
           5   0.0000000000000000        0.0000000000000000     
   6.0092524606311533E-012  -4.5001131396494620E-012
   3.2586226768663982E-011   3.3516754585402742E-011
           6   0.0000000000000000        0.0000000000000000     
  -1.7661579212165500E-012  -2.5812386626378282E-012
  -3.1764107664727589E-011  -2.6033738303408316E-011
           7   0.0000000000000000        0.0000000000000000     
  -6.4292690235266810E-012  -8.9380400647979475E-012
  -5.0561271246585337E-012  -2.7878401238877618E-011
           8   0.0000000000000000        0.0000000000000000     
  -4.1618816885324581E-012  -1.2524229742029415E-012
   3.0926986877925844E-011   1.3587440892501223E-011
           9   0.0000000000000000        0.0000000000000000     
  -2.0550793333419579E-012   9.5969896938049747E-013
  -7.9018701719616549E-011   1.2009401632329926E-011
          10   0.0000000000000000        0.0000000000000000     
  -1.0581389279228944E-011  -5.3247000953279173E-012
   5.4018873009231659E-011  -6.3624682251787585E-011
          11   0.0000000000000000        0.0000000000000000     
   3.2242064785127954E-012   3.8703698903038104E-012
  -3.4577326800530320E-011   7.8580750507926502E-011
          12   0.0000000000000000        0.0000000000000000     
  -1.3031934873551557E-011  -5.6990434125306930E-013
  -1.3721942472770992E-011  -5.2522925522340709E-011
          13   0.0000000000000000        0.0000000000000000     
   1.8103668531488953E-012   7.4261926977037739E-012
  -1.8347326902961951E-011   3.4042383975065338E-011
          14   0.0000000000000000        0.0000000000000000     
  -4.3551678734435489E-012  -2.3342076440081236E-012
   5.3194473612432651E-011  -2.8387328903144279E-011
          15   0.0000000000000000        0.0000000000000000     
  -1.6394309034101354E-012   8.5379640222594557E-012
  -8.0589747839286290E-011   8.5310937077347364E-011
          16   0.0000000000000000        0.0000000000000000     
  -3.4126265536765652E-012   6.1406450530188224E-012
   3.5342771200006102E-011  -8.8222397856758214E-011
          17   0.0000000000000000        0.0000000000000000     
   4.4367269595858945E-012   2.1307907376200741E-012
   2.1397377069989105E-011   7.3623932206733239E-011
          18   0.0000000000000000        0.0000000000000000     
   1.8581870771281500E-012   6.0063564848108603E-012
  -1.7047056214044211E-011   2.0629470544368309E-011
          19   0.0000000000000000        0.0000000000000000     
  -8.9679163034088457E-013   2.8522669459895196E-012
  -1.7733843767013073E-011  -7.5642378353260560E-011
          20   0.0000000000000000        0.0000000000000000     
   8.7363108416468443E-012   3.0166370961192768E-012
   9.7645401578670607E-011   1.2650335248109272E-010
          21   0.0000000000000000        0.0000000000000000     
   1.7021085650040357E-012   3.9096737218357126E-012
  -1.3361876008429581E-010  -1.0597885862098411E-010
          22   0.0000000000000000        0.0000000000000000     
   4.6754655639259280E-012  -6.4006211887677526E-012
   1.7507209980632899E-010   5.2896944742341679E-011
          23   0.0000000000000000        0.0000000000000000     
   5.9229062011572270E-012   6.7950739628747261E-012
  -1.2800293200865400E-010   1.2174208470410048E-011
          24   0.0000000000000000        0.0000000000000000     
   2.3634119530209321E-012  -6.4359203434973253E-012
   7.6177520100627302E-011  -4.1768268189567214E-011
          25   0.0000000000000000        0.0000000000000000     
   5.4369389379192839E-012  -1.5585704302961529E-012
  -4.2166497588780310E-012   2.0338815984175348E-012
          26   0.0000000000000000        0.0000000000000000     
   2.9650828911986995E-012  -6.6229165252435924E-012
   1.4566240058393916E-011   2.5726283342187605E-011
          27   0.0000000000000000        0.0000000000000000     
  -3.4683544762717543E-012  -1.8955095397181914E-012
  -4.7322376100142394E-011  -6.1449739883692044E-011
          28   0.0000000000000000        0.0000000000000000     
   6.3525990759539215E-012  -4.3416913813915982E-012
   7.0997610561062965E-011   4.5164726193521777E-011
          29   0.0000000000000000        0.0000000000000000     
  -6.2892672244193866E-012  -7.6046791858027161E-012
  -7.4380666581476062E-011  -5.7734661458558002E-011
          30   0.0000000000000000        0.0000000000000000     
  -1.6494863397756140E-012  -5.1181294299750975E-015
   1.6964765065507984E-011   4.1434396776343983E-011
          31   0.0000000000000000        0.0000000000000000     
  -3.4922495060214474E-012  -5.2167223726081101E-012
   3.3746385672551540E-011  -9.4431363177784425E-011
          32   0.0000000000000000        0.0000000000000000     
  -7.4232924018248139E-014  -2.7098252426037524E-013
  -7.9301644068255770E-011   1.8001546323436598E-010
          33   0.0000000000000000        0.0000000000000000     
  -1.0029254600214018E-011  -1.7390904695489162E-012
   1.1617923893041191E-011  -2.7613224407516123E-010
          34   0.0000000000000000        0.0000000000000000     
   1.1047322096190884E-012  -2.9596778612723955E-012
   6.8416507125858698E-011   2.6402685337891105E-010
          35   0.0000000000000000        0.0000000000000000     
  -8.3066371707683845E-012   7.2750610791825121E-012
  -1.4670672314521125E-010  -1.4741057845983864E-010
          36   0.0000000000000000        0.0000000000000000     
  -1.2911899547914153E-012  -2.3338145906733099E-012
   8.6488739293409111E-011   1.3106694933977276E-011
          37   0.0000000000000000        0.0000000000000000     
  -5.0390865143022514E-012   2.4598370247376016E-012
   1.9833125684302463E-011   6.0321968075599141E-011
          38   0.0000000000000000        0.0000000000000000     
  -2.0307437005034505E-012   9.0471205391985874E-012
  -1.3547802562520435E-010  -5.2289475701028509E-012
          39   0.0000000000000000        0.0000000000000000     
  -1.6318511363617898E-012   2.4653828047944798E-013
   1.6022672819929252E-010  -5.3471712109102968E-011
          40   0.0000000000000000        0.0000000000000000     
   4.4231902630843825E-012   8.0999315289443008E-012
  -1.1482480163630135E-010   1.4532898145139838E-010
          41   0.0000000000000000        0.0000000000000000     
  -3.7119165044453960E-012   6.1114987947730702E-013
   4.4873234814243981E-011  -1.3625388841979278E-010
          42   0.0000000000000000        0.0000000000000000     
   5.1999720796470931E-012   7.6198923461308993E-012
  -1.2285628117307224E-012   8.4254271780970811E-011
          43   0.0000000000000000        0.0000000000000000     
   6.0289760598089437E-012  -9.6099265267442832E-014
   9.8000346565897305E-011   1.7584912653774670E-011
          44   0.0000000000000000        0.0000000000000000     
   2.3174613463950149E-012   3.6887403444311096E-012
  -2.0989065982003520E-010   3.9797246368427220E-012
          45   0.0000000000000000        0.0000000000000000     
   2.9308135991747247E-012  -1.3092306723219428E-012
   2.8652235523586916E-010  -1.0327696498095261E-010
          46   0.0000000000000000        0.0000000000000000     
   9.1076667566041699E-012   4.8901671973403412E-013
  -1.9203812180373452E-010   2.0351099662596891E-010
          47   0.0000000000000000        0.0000000000000000     
   7.4958946002717126E-013  -9.8498559537130036E-013
   6.5725184253710434E-011  -1.9588303821583906E-010
          48   0.0000000000000000        0.0000000000000000     
   6.4302131766086976E-012  -7.2271862690003596E-012
   6.2304283593212594E-011   6.4893003548979717E-011
          49   0.0000000000000000        0.0000000000000000     
  -6.1902632505581201E-013  -1.7711167968496891E-012
  -8.0092447375988952E-011   7.1824688017710372E-011
          50   0.0000000000000000        0.0000000000000000     
   1.6065103293074416E-012  -1.9986473819792547E-012
  -8.8511413556468981E-013  -2.0369776592292413E-010
          51   0.0000000000000000        0.0000000000000000     
   3.2802858338443354E-012  -1.1267776454505069E-011
   1.4850405452102280E-010   1.7844348632418735E-010
          52   0.0000000000000000        0.0000000000000000     
  -5.0563329771176109E-012   1.8693596518947491E-012
  -2.4287366783753520E-010  -6.7568194401634131E-011
          53   0.0000000000000000        0.0000000000000000     
  -1.5376119707912173E-012  -6.3328703579536446E-012
   1.6840386933925211E-010  -8.5988342463091319E-011
          54   0.0000000000000000        0.0000000000000000     
  -1.4873665595987902E-012  -2.9552844086829420E-012
  -4.8536349773948135E-011   7.8891106910353614E-011
          55   0.0000000000000000        0.0000000000000000     
  -3.5005593686539929E-012  -1.5237395194287197E-012
  -3.9052722190710572E-011   1.7304114444533260E-011
          56   0.0000000000000000        0.0000000000000000     
  -7.6695737189598736E-012  -3.1291276758937189E-012
  -3.0108055584733408E-011  -1.5891352957380975E-010
          57   0.0000000000000000        0.0000000000000000     
  -2.5304007960315589E-012   2.1353565287610375E-012
   1.1178801230396544E-010   1.8698882691670787E-010
          58   0.0000000000000000        0.0000000000000000     
  -4.4212203816680574E-012   6.9770165615686675E-013
  -1.6770017641709248E-010  -1.2093334389291031E-010
          59   0.0000000000000000        0.0000000000000000     
  -4.9146368878764584E-012   1.7365496611766155E-012
   8.1335346591923043E-011   4.1633463401876316E-011
          60   0.0000000000000000        0.0000000000000000     
  -3.8974687886524052E-012   3.7776792019118212E-012
   5.1034931818333716E-011  -2.6433478808636198E-013
          61   0.0000000000000000        0.0000000000000000     
  -1.5004289696308367E-013   7.6356487789920756E-012
  -2.1283178177801836E-010   9.6684021129723398E-011
          62   0.0000000000000000        0.0000000000000000     
  -2.3034955658786987E-012   1.1266689158891355E-012
   2.5713478824634552E-010  -2.3245176972556457E-010
          63   0.0000000000000000        0.0000000000000000     
   4.1234719212241478E-012   4.1041133597018611E-012
  -1.2858484352331845E-010   3.4458626160665036E-010
          64   0.0000000000000000        0.0000000000000000     
  -3.8197398950618226E-012   7.5055563212587377E-012
  -2.6687563860107547E-011  -2.4706892105678564E-010
          65   0.0000000000000000        0.0000000000000000     
   7.5719679056466270E-012   2.7709393944283464E-012
   9.1779749135362933E-011   9.8706878401361044E-011
          66   0.0000000000000000        0.0000000000000000     
   2.0415252729338020E-012  -1.7209302416805674E-013
   2.0517493609675995E-011   4.2678033167094733E-011
          67   0.0000000000000000        0.0000000000000000     
   3.2018287735100026E-012   6.8432112766570001E-012
  -1.5089808921313856E-010  -1.7685851550735251E-011
          68   0.0000000000000000        0.0000000000000000     
   5.1810974197777619E-012  -3.8342801325431329E-012
   2.5161208731688653E-010  -8.2755675817619527E-011
          69   0.0000000000000000        0.0000000000000000     
   6.6398270770075103E-012   4.1493670742867502E-012
  -2.1132469961648482E-010   2.1571983717136198E-010
          70   0.0000000000000000        0.0000000000000000     
   3.7252873580505853E-012  -6.1068997317338027E-012
   1.4126403023055062E-010  -2.6909741775857098E-010
          71   0.0000000000000000        0.0000000000000000     
   3.6582555673010064E-012  -2.8826756074589044E-012
  -3.7921967604640246E-011   1.8161912220812850E-010
          72   0.0000000000000000        0.0000000000000000     
   2.9299253142006376E-012  -1.6689006011316338E-012
   5.9222552236741085E-011  -2.5104462925446196E-011
          73   0.0000000000000000        0.0000000000000000     
   3.1619181937231945E-012  -5.6353161502950273E-012
  -1.9963091751785189E-010  -1.2343184696597227E-010
          74   0.0000000000000000        0.0000000000000000     
  -2.6598909803547618E-012  -9.3167930749312884E-012
   3.6774259508011595E-010   5.3674896634319190E-011
          75   0.0000000000000000        0.0000000000000000     
   6.0516252930442441E-013   7.2975040391015296E-013
  -3.9758529498286444E-010   6.6160606483388448E-011
          76   0.0000000000000000        0.0000000000000000     
  -4.1191732393462517E-012  -7.1442639146476092E-012
   2.4647751729527597E-010  -1.7529098094122950E-010
          77   0.0000000000000000        0.0000000000000000     
  -1.7910148727754933E-012  -3.7937674413120995E-012
  -7.4795103904355245E-011   1.0284598183280239E-010
          78   0.0000000000000000        0.0000000000000000     
  -5.8947337562252304E-012  -3.2668459112491571E-012
  -5.8793189992903622E-011   2.1968070255653555E-011
          79   0.0000000000000000        0.0000000000000000     
  -8.2522899136966255E-012   1.0066980262715543E-012
   1.4417528208983724E-011  -2.0503027480340453E-010
          80   0.0000000000000000        0.0000000000000000     
   4.3229463983040015E-013  -1.1339783301770935E-012
   1.1173482951968520E-010   2.9965349658673099E-010
          81   0.0000000000000000        0.0000000000000000     
  -9.0788499192441657E-012   4.0153646919699421E-012
  -3.0217800703505129E-010  -2.3877866013976189E-010
          82   0.0000000000000000        0.0000000000000000     
  -3.5753012449184698E-012   5.7564233386632804E-013
   3.1793857214043202E-010   7.6615268606505871E-011
          83   0.0000000000000000        0.0000000000000000     
  -2.5226891779798535E-012   6.4422138021826292E-012
  -1.8900486048898449E-010   3.1130246296695475E-011
          84   0.0000000000000000        0.0000000000000000     
   3.0562096895694870E-013   5.6160067377515709E-012
   3.5682414813579240E-011   8.8957174633043939E-011
          85   0.0000000000000000        0.0000000000000000     
  -2.7947980135488313E-012   1.4547889301157681E-012
  -1.4339197013331920E-011  -2.5632430987738668E-010
          86   0.0000000000000000        0.0000000000000000     
   7.1076842519692221E-013   6.2103476908295227E-012
   1.2294517392879311E-010   3.8837992982655238E-010
          87   0.0000000000000000        0.0000000000000000     
   2.2217972141247238E-012   7.7569002652543656E-012
  -2.3783153015061174E-010  -3.2193695972359825E-010
          88   0.0000000000000000        0.0000000000000000     
   4.7718429510085320E-012  -8.9945912665582190E-013
   2.8924958305686643E-010   1.9610492384423375E-010
          89   0.0000000000000000        0.0000000000000000     
   1.6450785152167241E-012   5.6230664154838704E-012
  -1.5472281645225170E-010  -2.2875321955068732E-011
          90   0.0000000000000000        0.0000000000000000     
   7.1655480064512518E-012   3.1568328123279505E-012
  -4.9544065030543145E-011   1.7614509600448768E-011
          91   0.0000000000000000        0.0000000000000000     
   3.1458360772923760E-012  -1.8929575556142479E-012
   2.4972878447282419E-010  -1.5261512246395105E-010
          92   0.0000000000000000        0.0000000000000000     
   1.1725926790423422E-011   7.4047380734060810E-013
  -2.2500239907137650E-010   3.8575605563570477E-010
          93   0.0000000000000000        0.0000000000000000     
  -2.8306603436565298E-012  -5.4248154537943333E-012
   6.6093872875497370E-011  -5.2111517329567135E-010
          94   0.0000000000000000        0.0000000000000000     
   7.5624069702678162E-012  -1.5716400243770930E-012
   1.1065124988931128E-010   4.2327674536940763E-010
          95   0.0000000000000000        0.0000000000000000     
   3.0451219536935640E-012  -5.8225265173769574E-012
  -8.0462331657862564E-011  -2.6337637677450337E-010
          96   0.0000000000000000        0.0000000000000000     
   7.0600589661916571E-013  -5.7852856222392631E-012
  -7.5739401060625810E-011   1.4524577535005910E-010
          97   0.0000000000000000        0.0000000000000000     
  -2.9375575017256506E-012  -6.6593127920778201E-012
   2.4592242404214105E-010  -2.1166948936512115E-010
          98   0.0000000000000000        0.0000000000000000     
   2.3980342615778314E-012  -1.2748372500038175E-012
  -3.4780037533987931E-010   3.2651685609751355E-010
          99   0.0000000000000000        0.0000000000000000     
  -6.2833449343598323E-012  -8.5412563863619875E-012
   2.6593530187760653E-010  -4.7537423314494587E-010
         100   0.0000000000000000        0.0000000000000000     
  -1.2824845933443061E-012  -3.8881937092729604E-012
  -1.1672902462427388E-010   4.1085444573580392E-010
         101   0.0000000000000000        0.0000000000000000     
  -9.5934258438953532E-012  -9.8350146057256278E-013
   5.1892617868921308E-012  -2.1924718419313909E-010
         102   0.0000000000000000        0.0000000000000000     
  -2.6713286838390437E-012   1.0877727070695842E-012
  -1.5764842964836971E-010  -1.2009168258196955E-011
         103   0.0000000000000000        0.0000000000000000     
  -7.5638991919056819E-012  -4.2281902104645837E-012
   3.9706766281028696E-010   2.4553321485480650E-011
         104   0.0000000000000000        0.0000000000000000     
  -3.4451802741045986E-012   7.9526525120798212E-012
  -5.7407945570089795E-010   1.8781452510679700E-010
         105   0.0000000000000000        0.0000000000000000     
  -8.7805118777200526E-012   5.4537681507543282E-013
   4.7285227148870068E-010  -3.9735821838249923E-010
         106   0.0000000000000000        0.0000000000000000     
   1.7927648243952919E-012   8.7190957451971566E-012
  -2.8957726278601807E-010   4.7291957272164694E-010
         107   0.0000000000000000        0.0000000000000000     
  -3.2629522682269063E-012   1.5468404666299147E-012
   1.4541550491255048E-010  -3.3499892870023836E-010
         108   0.0000000000000000        0.0000000000000000     
  -2.3599553433992224E-012   7.8050746932106666E-012
  -1.4511450106387479E-010   1.5155009528180213E-010
         109   0.0000000000000000        0.0000000000000000     
   3.7710425404355460E-012   6.6666231092821413E-012
   3.0668075602426324E-010   2.6900223017260269E-011
         110   0.0000000000000000        0.0000000000000000     
   5.3073025919419257E-012   5.7541542752561070E-012
  -4.6189015339496357E-010   3.1069312672992614E-011
         111   0.0000000000000000        0.0000000000000000     
   4.3309940604831505E-013   9.0756218865257670E-013
   4.9910956147957212E-010  -1.7117392919173956E-010
         112   0.0000000000000000        0.0000000000000000     
   9.6449339038664264E-012   5.3810419414295136E-012
  -2.8074709737108373E-010   2.7007018169058300E-010
         113   0.0000000000000000        0.0000000000000000     
   4.0892272915622573E-012  -1.7365389689617378E-013
   8.9270574764784842E-011  -1.1860753343433329E-010
         114   0.0000000000000000        0.0000000000000000     
   6.9881449293242217E-012  -1.5302933205745492E-013
  -3.3703576071201232E-011  -1.4193805111902963E-010
         115   0.0000000000000000        0.0000000000000000     
   5.5162230846785874E-012  -6.5568609537748316E-012
   2.2563361637265037E-010   2.8622312171115344E-010
         116   0.0000000000000000        0.0000000000000000     
   1.1536665055033995E-012   1.6161263033463969E-012
  -4.1676302819109675E-010  -2.6531010076610803E-010
         117   0.0000000000000000        0.0000000000000000     
   7.1403970744848423E-012  -7.7891886380349939E-012
   5.4018009579072118E-010   8.5814904055158238E-011
         118   0.0000000000000000        0.0000000000000000     
   1.5503936929450910E-012  -4.8453086793999984E-012
  -4.6359472357930567E-010   8.6278644664175849E-011
         119   0.0000000000000000        0.0000000000000000     
  -1.2509636013093383E-012  -6.3208475739780841E-012
   2.4168996944315286E-010  -1.5949933121482718E-010
         120   0.0000000000000000        0.0000000000000000     
  -1.0173965479624251E-012  -5.0954307405588451E-012
  -6.2119270290315573E-011  -3.2199665638568165E-011
         121   0.0000000000000000        0.0000000000000000     
   9.6594197708757461E-013  -6.0134592169878337E-012
   5.1539058771301780E-011   2.6414253421541609E-010
         122   0.0000000000000000        0.0000000000000000     
  -8.1811338499799777E-012  -5.5175321714613313E-012
  -2.4199427531528137E-010  -4.3147514311241869E-010
         123   0.0000000000000000        0.0000000000000000     
  -5.6411117810806925E-012  -4.1664867542213293E-012
   3.5757950612264160E-010   3.3026590681712875E-010
         124   0.0000000000000000        0.0000000000000000     
  -5.6256195668249948E-012   2.0028454596736833E-012
  -3.4503927268758564E-010  -1.7705549154091325E-010
         125   0.0000000000000000        0.0000000000000000     
  -5.5165079864879323E-012  -2.4105211094771544E-012
   1.3943095739907125E-010   1.2614216372004716E-010
         126   0.0000000000000000        0.0000000000000000     
  -8.8933943326112459E-012   3.3080803231955568E-012
  -3.2048112083105418E-011  -2.3562382212656433E-010
         127   0.0000000000000000        0.0000000000000000     
  -2.5749352866770777E-012   3.5940015083447675E-012
   5.7513301499235488E-012   4.0991826563711378E-010
         128   0.0000000000000000        0.0000000000000000     
  -7.3022441439366108E-012   7.6995383023936603E-012
  -1.4578397541211339E-010  -5.0356680685292953E-010
         129   0.0000000000000000        0.0000000000000000     
   3.8349636835242494E-012   2.3759482463661762E-012
   3.1835271719680961E-010   4.8824196765270808E-010
         130   0.0000000000000000        0.0000000000000000     
  -6.7597078589231006E-012   7.7269399187526737E-012
  -3.7257754667493242E-010  -2.7981328917419878E-010
         131   0.0000000000000000        0.0000000000000000     
   4.0126493184881292E-012   9.3027178734988729E-012
   2.0217500155437911E-010   1.3915820681639741E-010
         132   0.0000000000000000        0.0000000000000000     
   4.3571478354639218E-012   2.8647184312853515E-012
   9.5828107614658610E-011  -1.4414562808323479E-010
         133   0.0000000000000000        0.0000000000000000     
   4.7075085502174519E-012   5.2888102907306845E-012
  -2.2234759317403752E-010   3.4504362128967454E-010
         134   0.0000000000000000        0.0000000000000000     
   3.6880282118765516E-012   3.5720623346939786E-012
   2.0715387226352895E-010  -4.8002129989356529E-010
         135   0.0000000000000000        0.0000000000000000     
   9.0292306339275352E-012   4.3094597583821709E-013
  -5.9028096869723456E-011   4.7948894623790941E-010
         136   0.0000000000000000        0.0000000000000000     
   5.0814538797662108E-012   1.0165150206326293E-012
   1.3241901589214812E-011  -3.5656080638368806E-010
         137   0.0000000000000000        0.0000000000000000     
   7.4628312180502170E-012  -5.7733945664732475E-012
   1.5154472135636832E-011   1.9124467581524514E-010
         138   0.0000000000000000        0.0000000000000000     
   1.5666115482607857E-012  -1.6811357652249387E-012
   7.9652702730441000E-011  -1.0197643928499382E-010
         139   0.0000000000000000        0.0000000000000000     
   8.0680806402940562E-012  -3.3831378124582137E-012
  -1.5050294580547840E-010   1.2311222716049121E-010
         140   0.0000000000000000        0.0000000000000000     
   3.0723550976956381E-014  -9.2558964524924003E-012
   1.3951543617953154E-010  -2.7259561686189818E-010
         141   0.0000000000000000        0.0000000000000000     
   1.4408817472720949E-012  -6.0321781715461183E-012
  -1.3030748953034232E-013   3.0581747063853570E-010
         142   0.0000000000000000        0.0000000000000000     
  -2.8729933253247106E-012  -4.8468772680748004E-012
  -1.0940146317608238E-010  -2.3189077258555856E-010
         143   0.0000000000000000        0.0000000000000000     
  -1.8862056169490061E-012  -5.8405191558363693E-012
   2.6281199923174835E-011   6.7223278156932454E-011
         144   0.0000000000000000        0.0000000000000000     
  -4.5008568928078270E-012  -6.6729263975162382E-012
   1.5132162248453955E-010  -2.9277873757502299E-011
         145   0.0000000000000000        0.0000000000000000     
  -7.6730294114301951E-012  -5.8262568441184311E-013
  -3.6283562924379069E-010   8.0976494752917041E-011
         146   0.0000000000000000        0.0000000000000000     
  -5.2646553109461582E-012  -1.1261544817580682E-012
   4.1028996173318085E-010  -1.9301323034301407E-010
         147   0.0000000000000000        0.0000000000000000     
  -4.1397918284289770E-012  -5.1969616089532530E-015
  -3.7238787317684444E-010   2.8538332512939284E-010
         148   0.0000000000000000        0.0000000000000000     
  -7.7834227354303133E-012   2.2480889526332816E-012
   1.7378574860822673E-010  -2.6564570155402885E-010
         149   0.0000000000000000        0.0000000000000000     
  -4.3917230667544940E-012   2.0977135489057131E-012
  -2.7860709414965575E-011   1.0848642010515304E-010
         150   0.0000000000000000        0.0000000000000000     
  -4.1707581189695173E-012   6.6399399057170952E-012
  -8.7387111249918868E-012   1.2020642602414347E-010
         151   0.0000000000000000        0.0000000000000000     
  -7.5077258563126926E-013   5.6114268341336421E-012
  -9.1995825822262345E-011  -1.8090085104612069E-010
         152   0.0000000000000000        0.0000000000000000     
  -2.9532473420006980E-012   2.7966548279628678E-012
   1.4174328823859229E-010   1.2951995152693575E-010
         153   0.0000000000000000        0.0000000000000000     
  -1.2102791570259730E-013   1.0924509545485846E-011
  -9.5833737483224140E-011  -2.5109346584625002E-011
         154   0.0000000000000000        0.0000000000000000     
   6.7429496239333504E-012   4.3394410794535761E-012
   4.3231532746593564E-011   6.6854377937305423E-011
         155   0.0000000000000000        0.0000000000000000     
   8.2378749478930603E-013   3.7114887616970415E-012
  -2.4250574349822890E-011  -1.4842882371535132E-010
         156   0.0000000000000000        0.0000000000000000     
   8.1577982585429530E-012   3.6733667822826390E-012
   1.4070732720284809E-010   2.5956910494803078E-010
         157   0.0000000000000000        0.0000000000000000     
   3.4739608807578548E-012   2.1758851905833347E-012
  -2.4577874608275409E-010  -2.9759513487159911E-010
         158   0.0000000000000000        0.0000000000000000     
   8.9184589825601898E-012  -7.9167476633475774E-013
   3.8561807693879438E-010   2.7150460741577884E-010
         159   0.0000000000000000        0.0000000000000000     
   5.5420961472406549E-012  -2.7314325296642163E-012
  -3.7800199049803103E-010  -1.7327125796014517E-010
         160   0.0000000000000000        0.0000000000000000     
   2.6199141210080912E-012  -3.5557237458662774E-012
   2.5294032358575339E-010   5.3976604101586195E-011
         161   0.0000000000000000        0.0000000000000000     
   5.3318164078041608E-012  -3.0463740239917593E-012
  -1.6157447482286430E-011  -9.1452153999059658E-011
         162   0.0000000000000000        0.0000000000000000     
   4.0268009853287033E-012  -7.6431654902609215E-012
  -9.6838719333063979E-011   1.9932392076497252E-010
         163   0.0000000000000000        0.0000000000000000     
  -2.4715623104897756E-012  -5.5291662608050930E-012
   9.7114294145578771E-011  -3.2139092550550966E-010
         164   0.0000000000000000        0.0000000000000000     
   1.4933488652271021E-013  -6.0879573136502406E-012
  -3.7903008122517563E-011   3.1509990178938191E-010
         165   0.0000000000000000        0.0000000000000000     
  -3.6396946070044415E-012  -3.3838444096827961E-012
  -3.2635065241640173E-011  -2.7512022074696459E-010
         166   0.0000000000000000        0.0000000000000000     
  -1.5806454780980101E-012  -6.2296748772373576E-012
   4.2484933736958694E-011   1.9063189827350529E-010
         167   0.0000000000000000        0.0000000000000000     
  -8.5359256029782451E-012  -2.6279802528143007E-012
  -3.2536057401258029E-011  -1.6712042703950163E-010
         168   0.0000000000000000        0.0000000000000000     
  -2.6454236569542334E-012   5.3978022134077883E-013
  -3.8219782746757714E-011   2.1365984511174881E-010
         169   0.0000000000000000        0.0000000000000000     
  -6.4145188726774899E-012  -1.5883288269350074E-012
   1.0425078279724700E-011  -3.0556158318971684E-010
         170   0.0000000000000000        0.0000000000000000     
  -4.6499661598126001E-012   1.5251535965365030E-012
   4.3524007085847707E-011   3.2596098596365639E-010
         171   0.0000000000000000        0.0000000000000000     
  -4.8533783786950149E-012   2.2840211316699483E-012
  -8.0176417286805873E-011  -1.9472248315323660E-010
         172   0.0000000000000000        0.0000000000000000     
  -5.8281981788067751E-012   5.4560248339027785E-012
  -6.5551631912732298E-011   5.5061119043324458E-011
         173   0.0000000000000000        0.0000000000000000     
   4.8358264500381018E-013   4.6433065522994655E-012
   2.5162297380683392E-010   3.4059850467847991E-011
         174   0.0000000000000000        0.0000000000000000     
  -2.3913276058671936E-012   3.9762180591686919E-012
  -3.9610818114398500E-010   1.0438299612152592E-011
         175   0.0000000000000000        0.0000000000000000     
  -1.2663001769695749E-012   7.3933676449117199E-012
   4.1594233639036247E-010  -5.5381937503594453E-011
         176   0.0000000000000000        0.0000000000000000     
   5.4599005786990634E-012   5.5282547451020349E-012
  -3.2937135060388138E-010   1.1806256102416487E-010
         177   0.0000000000000000        0.0000000000000000     
   1.7568368912476234E-012   2.2619619416902402E-012
   2.2568238165166045E-010  -9.6313733008519486E-011
         178   0.0000000000000000        0.0000000000000000     
   4.8071899116677224E-012   4.1942996565446459E-012
  -1.1143832721076819E-010   5.0547475904410678E-011
         179   0.0000000000000000        0.0000000000000000     
   4.3409199785730648E-012   6.4299672841401906E-013
   1.1117888498219806E-010   1.8034544117502545E-011
         180   0.0000000000000000        0.0000000000000000     
   5.4083057065239605E-012   2.6896077191416437E-012
  -1.5048321163798159E-010  -1.5060696192069172E-011
         181   0.0000000000000000        0.0000000000000000     
   6.2295744594140705E-012  -3.5466215664265280E-012
   2.1419078621929343E-010  -5.9453090957385251E-011
         182   0.0000000000000000        0.0000000000000000     
   2.3281126865836194E-012  -1.3544769409235379E-012
  -1.7448298774127243E-010   7.2586002625135063E-011
         183   0.0000000000000000        0.0000000000000000     
   5.7520344973766349E-012  -2.7970487713362888E-012
   1.8003503799837286E-010   2.0323459886209889E-012
         184   0.0000000000000000        0.0000000000000000     
   2.1113968540182175E-012  -4.2723654334081662E-012
  -2.2508375495136063E-010  -1.5004698371308864E-010
         185   0.0000000000000000        0.0000000000000000     
   2.8079187479561410E-012  -7.0670495234698346E-012
   3.3146009068883832E-010   2.2987138631427478E-010
         186   0.0000000000000000        0.0000000000000000     
  -2.3947204456230218E-012  -4.2338353523801018E-012
  -4.0018372563340162E-010  -2.9049684453154243E-010
         187   0.0000000000000000        0.0000000000000000     
  -5.4273039630330468E-013  -4.7864914617544007E-012
   3.9406763918482369E-010   2.6431635577395683E-010
         188   0.0000000000000000        0.0000000000000000     
  -2.0880258240076534E-012  -4.2767824852710056E-012
  -3.3416660484265377E-010  -2.4203522354451145E-010
         189   0.0000000000000000        0.0000000000000000     
  -5.3163718060265545E-012  -5.2611378950751007E-012
   1.9454121859476646E-010   1.8882825699685294E-010
         190   0.0000000000000000        0.0000000000000000     
  -5.2878925651320344E-012   7.4279528347605534E-013
  -8.5335848147725856E-011  -1.9866041390533314E-010
         191   0.0000000000000000        0.0000000000000000     
  -2.8259421084914815E-012  -2.2285044972414809E-012
   2.1307572837859766E-012   2.4408640201018426E-010
         192   0.0000000000000000        0.0000000000000000     
  -7.1315682494510044E-012   1.6170926672018455E-012
  -4.6679550402349606E-011  -2.6586287971296146E-010
         193   0.0000000000000000        0.0000000000000000     
  -2.4594291215433242E-012   6.8992539688865165E-013
   6.8416228181911236E-011   2.4782929560909002E-010
         194   0.0000000000000000        0.0000000000000000     
  -7.1877334773424827E-012   4.2922776486892962E-012
  -9.2690949094700888E-011  -2.2659561658275632E-010
         195   0.0000000000000000        0.0000000000000000     
   1.0936224486720622E-012   5.2080114921464603E-012
   7.6458016649772930E-011   2.9116445177174723E-010
         196   0.0000000000000000        0.0000000000000000     
  -3.0871686878814204E-012   2.4232786757673758E-012
  -9.1490649882336465E-011  -3.4576627855925523E-010
         197   0.0000000000000000        0.0000000000000000     
  -4.3251471313839313E-013   5.7880534773058202E-012
   9.4945310648375997E-011   4.1640797390044788E-010
         198   0.0000000000000000        0.0000000000000000     
   1.7563156795654300E-012   5.5047038138980406E-012
  -9.1030186484162059E-011  -4.2274026123630394E-010
         199   0.0000000000000000        0.0000000000000000     
   3.2564357815776249E-012   2.2702605306125335E-012
   9.1489793522143405E-011   4.0795574134447094E-010
         200   0.0000000000000000        0.0000000000000000     
   2.1831208966021297E-012   3.7617694578237833E-012
  -3.4977537016712827E-011  -3.0777951080334839E-010
         201   0.0000000000000000        0.0000000000000000     
   3.6895060807502848E-012   1.7360981456802522E-012
  -5.5211055941248274E-011   2.0625051824344501E-010
         202   0.0000000000000000        0.0000000000000000     
   3.9327335085997880E-012   2.2166860159963334E-012
   1.8860427253974870E-010  -1.5038090152153864E-010
         203   0.0000000000000000        0.0000000000000000     
   6.3938122335177165E-012  -4.1317968109133913E-013
  -2.2097119725463489E-010   1.5694118331023651E-010
         204   0.0000000000000000        0.0000000000000000     
   1.9829451396861109E-012  -2.1268086813780027E-012
   2.2098116775638150E-010  -1.7101566677449584E-010
         205   0.0000000000000000        0.0000000000000000     
   5.3046591183584999E-012  -6.2019727448892129E-013
  -1.7212949365407349E-010   1.5382911057316378E-010
         206   0.0000000000000000        0.0000000000000000     
   2.6585034322250704E-012  -4.4853358371132316E-012
   1.7634230370421758E-010  -1.6911244564367784E-010
         207   0.0000000000000000        0.0000000000000000     
   3.3141777806186650E-012  -3.6209924360118424E-012
  -1.5754564613110936E-010   1.8134019036559800E-010
         208   0.0000000000000000        0.0000000000000000     
  -5.8645882173416062E-013  -6.3799713535275266E-012
   1.5831930258382604E-010  -2.2358366840673692E-010
         209   0.0000000000000000        0.0000000000000000     
  -1.1929001241812903E-012  -2.1729687649502930E-012
  -1.6957904521072579E-010   2.0555454211914319E-010
         210   0.0000000000000000        0.0000000000000000     
   3.4222224643452523E-013  -5.0102488349091816E-012
   1.8648037227221505E-010  -1.8961680771381157E-010
         211   0.0000000000000000        0.0000000000000000     
  -4.2413691069972905E-012  -4.3454482004816711E-012
  -2.1487710861965433E-010   1.1465372184034918E-010
         212   0.0000000000000000        0.0000000000000000     
  -3.6823274729333772E-012  -1.4642718542791271E-012
   2.1294942382866983E-010  -3.0977640535243999E-011
         213   0.0000000000000000        0.0000000000000000     
  -3.5763805411570366E-012  -1.3538049171528917E-012
  -2.6217755449889097E-010  -8.3149505859805040E-011
         214   0.0000000000000000        0.0000000000000000     
  -4.1306215700395915E-012  -1.3782797650791925E-012
   2.9419559975790183E-010   1.5021313394767320E-010
         215   0.0000000000000000        0.0000000000000000     
  -4.1753997938796196E-012   1.5813158762400855E-012
  -3.2989696052318354E-010  -1.5799021297293998E-010
         216   0.0000000000000000        0.0000000000000000     
  -5.0616127033280289E-012   2.8428969585495592E-013
   2.8923952614278774E-010   1.5404035676102280E-010
         217   0.0000000000000000        0.0000000000000000     
  -2.8137002890825805E-012   6.1360710654126289E-012
  -2.8750251707113512E-010  -1.2472607976437631E-010
         218   0.0000000000000000        0.0000000000000000     
  -8.7988101373539895E-013   7.4975300115668943E-013
   2.6894088277951762E-010   1.0386571533016926E-010
         219   0.0000000000000000        0.0000000000000000     
  -3.3532069061462967E-012   5.4416130212599941E-012
  -2.6632568282891152E-010  -6.0005077635781698E-011
         220   0.0000000000000000        0.0000000000000000     
   1.4387143756319397E-012   4.4069529772862856E-012
   2.5762185091762827E-010   7.1900446741332207E-011
         221   0.0000000000000000        0.0000000000000000     
   7.3884992568644094E-013   4.5950759951526569E-012
  -2.6033443351599396E-010  -7.0739433620420946E-011
         222   0.0000000000000000        0.0000000000000000     
   3.3092328078839283E-012   2.2378786145568332E-012
   2.7096825123430961E-010   1.0520201071892338E-010
         223   0.0000000000000000        0.0000000000000000     
   1.4206692375564769E-012   3.1758811347092257E-012
  -2.2402217596942444E-010  -1.3021124208310874E-010
         224   0.0000000000000000        0.0000000000000000     
   4.5052822032137126E-012   2.6957054420414746E-012
   1.7293805013243818E-010   2.1099297336832276E-010
         225   0.0000000000000000        0.0000000000000000     
   4.3532949725892560E-012   5.9884697661420085E-013
  -1.0695282360389966E-010  -2.9421868665421991E-010
         226   0.0000000000000000        0.0000000000000000     
   4.3267243597389285E-012  -1.6248907719236388E-012
   1.0726236230183280E-010   3.3690429257957176E-010
         227   0.0000000000000000        0.0000000000000000     
   2.7334678121670113E-012  -4.5651203284321763E-014
  -6.8000947073580373E-011  -3.2987499950262934E-010
         228   0.0000000000000000        0.0000000000000000     
   4.3015332046537791E-012  -3.2901325400372962E-012
   5.5586295847781829E-011   2.8468813283239434E-010
         229   0.0000000000000000        0.0000000000000000     
   2.1368306857751655E-012  -2.3672882923144884E-012
  -2.6127374781536390E-011  -2.3975296493924937E-010
         230   0.0000000000000000        0.0000000000000000     
   1.8454183894033962E-012  -5.3676490376128434E-012
   2.5236776017777263E-011   1.5964037742356702E-010
         231   0.0000000000000000        0.0000000000000000     
  -1.6689966556498463E-012  -2.6636254767769708E-012
  -9.0587341839898564E-012  -1.2640017908089840E-010
         232   0.0000000000000000        0.0000000000000000     
   1.8448767696877458E-012  -2.7872194880934334E-012
  -2.4508235056581249E-012   1.1084703909258956E-010
         233   0.0000000000000000        0.0000000000000000     
  -2.4692251597799854E-012  -5.3294361283180946E-012
  -9.0388886803144263E-012  -1.4730463742053982E-010
         234   0.0000000000000000        0.0000000000000000     
  -2.6138586803285598E-012  -2.0334690666592920E-012
   7.8623195417602379E-012   1.4766520593856618E-010
         235   0.0000000000000000        0.0000000000000000     
  -2.6458400292233923E-012  -2.1984603931273656E-012
   5.3034039972334041E-012  -1.5677092217338832E-010
         236   0.0000000000000000        0.0000000000000000     
  -3.2803219801013604E-012  -1.3987045909134760E-012
  -7.5274934066763758E-011   1.6472375290876362E-010
         237   0.0000000000000000        0.0000000000000000     
  -3.7777955358123825E-012  -1.1227298657949311E-012
   1.1134979429061753E-010  -1.8516924778245778E-010
         238   0.0000000000000000        0.0000000000000000     
  -4.5992255479810753E-012   3.3728419280842547E-013
  -1.6927727504455416E-010   1.7801148657191894E-010
         239   0.0000000000000000        0.0000000000000000     
  -4.0249134678728079E-012   2.9186240037460443E-012
   1.7296808395576060E-010  -1.4996367499969818E-010
         240   0.0000000000000000        0.0000000000000000     
  -1.5183364352408736E-012   2.1923529888080316E-012
  -1.8033411297549157E-010   1.2125707622579347E-010
         241   0.0000000000000000        0.0000000000000000     
  -3.2404518395111784E-012   2.6369884299706607E-012
   1.3894921153764882E-010  -5.8295778140615160E-011
         242   0.0000000000000000        0.0000000000000000     
  -1.3770840421859422E-012   4.8335137430292313E-012
  -1.1588852250494143E-010   7.6422599600701660E-013
         243   0.0000000000000000        0.0000000000000000     
   6.8304866886331187E-013   3.6816434255639708E-012
   1.0895008451421064E-010   7.2488709074645603E-011
         244   0.0000000000000000        0.0000000000000000     
   1.3509322524930768E-012   4.1387590471966961E-012
  -1.1836537233487915E-010  -6.9501219161064284E-011
         245   0.0000000000000000        0.0000000000000000     
   1.4408917101873318E-012   1.7531686814468869E-012
   1.2953253718075158E-010   5.2801542809123718E-011
         246   0.0000000000000000        0.0000000000000000     
   2.0681555171092436E-012   4.5491477931661325E-012
  -1.1008653913714788E-010  -1.5077909919918881E-011
         247   0.0000000000000000        0.0000000000000000     
   5.1302533522171690E-012   1.3354131891760504E-012
   1.2554371952058526E-010   2.7390943171798709E-011
         248   0.0000000000000000        0.0000000000000000     
   2.8008820909869565E-012   3.7242566664401137E-013
  -1.2901908749730334E-010  -3.8432495580558131E-011
         249   0.0000000000000000        0.0000000000000000     
   4.1401706287538624E-012  -1.5465401688973517E-013
   1.7009937655603958E-010   6.0679962483404849E-011
         250   0.0000000000000000        0.0000000000000000     
   3.2289959598761005E-012  -9.3872684893289397E-013
  -1.7749928040260574E-010  -8.9746933745972719E-011
         251   0.0000000000000000        0.0000000000000000     
   3.8365934564195850E-012  -2.1923573678560125E-012
   2.0666500331674843E-010   9.9112027494910026E-011
         252   0.0000000000000000        0.0000000000000000     
   2.6112377156512928E-012  -3.6109382945145447E-012
  -1.6776692179265224E-010  -1.0344439264976718E-010
         253   0.0000000000000000        0.0000000000000000     
   2.9203129450281944E-013  -3.7242411484668072E-012
   1.0264495666493801E-010   9.6732779445774101E-011
         254   0.0000000000000000        0.0000000000000000     
   8.7742579176880108E-013  -2.0629777973054298E-012
  -2.6573396107687359E-011  -1.4736192639923338E-010
         255   0.0000000000000000        0.0000000000000000     
   1.0594152517147040E-012  -5.2871051091140162E-012
  -7.7285727209607769E-013   1.8154293974646841E-010
         256   0.0000000000000000        0.0000000000000000     
  -3.2655169296153389E-012  -3.1876073651251854E-012
  -1.5193608103469115E-011  -2.1135597496135285E-010
         257   0.0000000000000000        0.0000000000000000     
  -1.4675797895336677E-012  -2.8298881957463505E-012
   1.9314869987917737E-011   1.7395764271205786E-010
         258   0.0000000000000000        0.0000000000000000     
  -3.4627299334975013E-012  -2.0669647855207869E-012
  -2.9099840444804939E-011  -1.5033928443373308E-010
         259   0.0000000000000000        0.0000000000000000     
  -2.6844269727113213E-012  -1.7013175147526536E-012
   4.5426104495786541E-012   1.2139705935801931E-010
         260   0.0000000000000000        0.0000000000000000     
  -4.9575960787346025E-012  -9.3194558324419670E-013
  -4.6856503574945723E-012  -1.2129973814487994E-010
         261   0.0000000000000000        0.0000000000000000     
  -3.8190946882252418E-012   1.9181301321545801E-012
  -3.0977246466870624E-011   1.3171271492702776E-010
         262   0.0000000000000000        0.0000000000000000     
  -2.5842260021029697E-012   1.6485423024257165E-012
   1.9375608659070964E-011  -1.3953021811380743E-010
         263   0.0000000000000000        0.0000000000000000     
  -2.7643822825781026E-012   1.8227229074758651E-012
  -2.0501800470374018E-011   1.2563544151384751E-010
         264   0.0000000000000000        0.0000000000000000     
  -2.4379327706083922E-012   3.2789630742757094E-012
   2.2415422720133782E-011  -5.6912189718571124E-011
         265   0.0000000000000000        0.0000000000000000     
  -1.2809205967785650E-012   4.0682181018165499E-012
  -8.1269711599728681E-011   4.5055195936945542E-012
         266   0.0000000000000000        0.0000000000000000     
   7.4787544892557098E-013   3.5534377743161314E-012
   1.4462518023256708E-010   4.2221246573333816E-011
         267   0.0000000000000000        0.0000000000000000     
   4.4077308823490218E-013   2.7344322696397410E-012
  -1.7474758143535470E-010  -2.9090335584102396E-011
         268   0.0000000000000000        0.0000000000000000     
   5.6105906646727605E-013   3.9021987827133633E-012
   1.6973824446833464E-010   3.6077543847487357E-011
         269   0.0000000000000000        0.0000000000000000     
   3.6243382023029585E-012   3.8813353531934760E-012
  -1.3148042640368068E-010  -2.1817076396734987E-011
         270   0.0000000000000000        0.0000000000000000     
   3.6085195968937561E-012   7.8601580440209418E-013
   1.1149421885437682E-010   3.6723908806454753E-011
         271   0.0000000000000000        0.0000000000000000     
   3.0712275911454902E-012   1.5954837100954475E-012
  -6.7396045514629933E-011  -4.5638801487530685E-011
         272   0.0000000000000000        0.0000000000000000     
   4.5785372002524969E-012  -1.9695782936591507E-013
   8.0956676537995419E-011   7.2796342717537284E-011
         273   0.0000000000000000        0.0000000000000000     
   3.4315939518103358E-012  -4.8571953278440762E-013
  -8.9665249780298797E-011  -7.6007885868783369E-011
         274   0.0000000000000000        0.0000000000000000     
   4.7322643810425531E-012  -3.1055477118366602E-012
   1.2135885679894810E-010   5.6907379178443033E-011
         275   0.0000000000000000        0.0000000000000000     
   1.0163859609395062E-012  -3.4913108857211022E-012
  -1.0044699234458180E-010  -6.6711002970607131E-011
         276   0.0000000000000000        0.0000000000000000     
   2.0621882361452029E-012  -2.4654111397191143E-012
   8.5458679523427744E-011   9.3435399240729749E-011
         277   0.0000000000000000        0.0000000000000000     
   1.2369860101112974E-012  -4.2503735766123025E-012
  -7.9347372574003424E-011  -1.6960219303079077E-010
         278   0.0000000000000000        0.0000000000000000     
  -5.0464620319219763E-013  -5.0714939740224459E-012
   1.0367589185136530E-010   2.0188583254473874E-010
         279   0.0000000000000000        0.0000000000000000     
  -2.7055942793748670E-012  -2.9146174286113555E-012
  -1.2943070684848560E-010  -2.3263992868404708E-010
         280   0.0000000000000000        0.0000000000000000     
  -1.5297667019985016E-012  -3.1855286330096118E-012
   1.1837560137259792E-010   2.1261906364468257E-010
         281   0.0000000000000000        0.0000000000000000     
  -3.6962986421270362E-012  -2.1861978496914965E-012
  -1.1154821574649616E-010  -2.0186959015439459E-010
         282   0.0000000000000000        0.0000000000000000     
  -3.4988694065890906E-012  -2.1822685606033739E-012
   6.0620163548673078E-011   1.6225302067215075E-010
         283   0.0000000000000000        0.0000000000000000     
  -5.2892131173614895E-012   5.4722440300201018E-013
  -3.1767887885032835E-011  -1.5118443468347078E-010
         284   0.0000000000000000        0.0000000000000000     
  -2.4355611419258000E-012   1.3871761917919512E-012
  -1.5232082279836363E-011   1.5608473433251495E-010
         285   0.0000000000000000        0.0000000000000000     
  -3.9795728173954299E-012   1.1168915774300242E-012
   1.2122773631087255E-011  -1.5276148388573482E-010
         286   0.0000000000000000        0.0000000000000000     
  -2.6180229312203819E-012   2.6695175201548355E-012
  -3.5884869076036642E-011   1.4659755438403934E-010
         287   0.0000000000000000        0.0000000000000000     
  -3.0184480835358347E-012   3.4806581669117839E-012
   5.0927925151658295E-011  -1.2901558082053387E-010
         288   0.0000000000000000        0.0000000000000000     
  -6.3311369310917015E-014   4.6158151467740405E-012
  -8.4632861759883162E-011   1.5559715084585657E-010
         289   0.0000000000000000        0.0000000000000000     
  -1.1906501644178001E-013   2.7903291884399545E-012
   9.9504309090929255E-011  -1.5869344787242652E-010
         290   0.0000000000000000        0.0000000000000000     
   1.6784633400566317E-013   4.2969332820006794E-012
  -1.0735894998980740E-010   1.8071026864844951E-010
         291   0.0000000000000000        0.0000000000000000     
   2.2566268848459430E-012   4.5123173219826406E-012
   1.1882458218054161E-010  -1.6739337223839269E-010
         292   0.0000000000000000        0.0000000000000000     
   4.4080331332316599E-012   2.3035664426173743E-012
  -9.8440865800922501E-011   1.8009363016484749E-010
         293   0.0000000000000000        0.0000000000000000     
   2.6581473533777795E-012   1.4473493626725111E-012
   9.7356541763746794E-011  -1.4626920670279136E-010
         294   0.0000000000000000        0.0000000000000000     
   4.5139317803947465E-012   1.0978437448068943E-012
  -8.6040481169161725E-011   1.0678936007821128E-010
         295   0.0000000000000000        0.0000000000000000     
   3.7960540311172301E-012  -6.1749491458338608E-013
   1.2974641288926009E-010  -6.3252768297729221E-011
         296   0.0000000000000000        0.0000000000000000     
   4.6270405152289051E-012  -9.4008336211999764E-013
  -1.4910094146227079E-010   4.0877721259159881E-011
         297   0.0000000000000000        0.0000000000000000     
   2.8119487132064417E-012  -4.1052769202236304E-012
   1.8916472736098042E-010  -3.7163051419548366E-011
         298   0.0000000000000000        0.0000000000000000     
   1.6430531714331384E-012  -1.7521637335593990E-012
  -2.0149720637954868E-010   1.0895106477949585E-011
         299   0.0000000000000000        0.0000000000000000     
   2.7791391989974504E-012  -3.9842296099841670E-012
   2.2855634815866870E-010  -6.0973493407547187E-012
         300   0.0000000000000000        0.0000000000000000     
   4.6089601681374609E-013  -4.6687412570095185E-012
  -2.2682743933958156E-010  -2.2025282042376341E-011
