      0.0   1221.5    13.0885   0.0000  -8.8381   0.0000
                      11.2622   0.0000  -6.3640   0.0000
                      11.2622   0.0000  -6.3640   0.0000
                       3.6678   0.0000  -4.4475   0.0000
                       3.6678   0.0000  -4.4475   0.0000
                       1.0000   0.0000   0.0000   0.0000    84.6    1327.7
   1221.5   3480.0    12.5815  -1.2638  -3.6426  -5.5281
                      11.0487  -4.0362   4.8023 -13.5732
                      11.0487  -4.0362   4.8023 -13.5732
                       0.0000   0.0000   0.0000   0.0000
                       0.0000   0.0000   0.0000   0.0000
                       1.0000   0.0000   0.0000   0.0000    -1.0   57823.0
