c
c parameter for the periodic range
   1500   1500   tlen(s),np
c relative error (See GT95 eq. 6.2)
   1.d-2 re
c ampratio using in grid cut-off (1.d-10 is recommended)
   1.d-10  ratc
c ampratio using in l-cutoff
   1.d-5   ratl
c wrap-around attenuation for omegai
   1.d-2
c parameter for the trial function
c imin imax
   0   30
c parameter for the structure
   36   nzone
      0.0   1221.5    13.0885   0.0000  -8.8381   0.0000
                      11.2622   0.0000  -6.3640   0.0000
                      11.2622   0.0000  -6.3640   0.0000
                       3.6678   0.0000  -4.4475   0.0000
                       3.6678   0.0000  -4.4475   0.0000
                       1.0000   0.0000   0.0000   0.0000    84.6    1327.7
   1221.5   3480.0    12.5815  -1.2638  -3.6426  -5.5281
                      11.0487  -4.0362   4.8023 -13.5732
                      11.0487  -4.0362   4.8023 -13.5732
                       0.0000   0.0000   0.0000   0.0000
                       0.0000   0.0000   0.0000   0.0000
                       1.0000   0.0000   0.0000   0.0000    -1.0   57823.0
   3480.0   3500.0     7.3104  -3.1927   0.0000   0.0000
                      14.5704  -1.5630   0.0000   0.0000
                      14.5704  -1.5630   0.0000   0.0000
                       7.2290   0.0653   0.0000   0.0000
                       7.2290   0.0653   0.0000   0.0000
                       1.0000   0.0000   0.0000   0.0000  312.0  57823.0
   3500.0   3520.0     7.3089  -3.1900   0.0000   0.0000
                      14.5654  -1.5539   0.0000   0.0000
                      14.5654  -1.5539   0.0000   0.0000
                       7.2306   0.0624   0.0000   0.0000
                       7.2306   0.0624   0.0000   0.0000
                       1.0000   0.0000   0.0000   0.0000  312.0  57823.0
   3520.0   3540.0     7.3073  -3.1871   0.0000   0.0000
                      14.5615  -1.5469   0.0000   0.0000
                      14.5615  -1.5469   0.0000   0.0000
                       7.2322   0.0595   0.0000   0.0000
                       7.2322   0.0595   0.0000   0.0000
                       1.0000   0.0000   0.0000   0.0000  312.0  57823.0
   3540.0   3560.0     7.3061  -3.1850   0.0000   0.0000
                      14.5566  -1.5381   0.0000   0.0000
                      14.5566  -1.5381   0.0000   0.0000
                       7.2335   0.0571   0.0000   0.0000
                       7.2335   0.0571   0.0000   0.0000
                       1.0000   0.0000   0.0000   0.0000  312.0  57823.0
   3560.0   3580.0     7.3046  -3.1822   0.0000   0.0000
                      14.5522  -1.5302   0.0000   0.0000
                      14.5522  -1.5302   0.0000   0.0000
                       7.2355   0.0535   0.0000   0.0000
                       7.2355   0.0535   0.0000   0.0000
                       1.0000   0.0000   0.0000   0.0000  312.0  57823.0
   3580.0   3600.0     7.3036  -3.1804   0.0000   0.0000
                      14.5481  -1.5229   0.0000   0.0000
                      14.5481  -1.5229   0.0000   0.0000
                       7.2367   0.0513   0.0000   0.0000
                       7.2367   0.0513   0.0000   0.0000
                       1.0000   0.0000   0.0000   0.0000  312.0  57823.0
   3600.0   3620.0     7.3025  -3.1786   0.0000   0.0000
                      14.5440  -1.5156   0.0000   0.0000
                      14.5440  -1.5156   0.0000   0.0000
                       7.2384   0.0485   0.0000   0.0000
                       7.2384   0.0485   0.0000   0.0000
                       1.0000   0.0000   0.0000   0.0000  312.0  57823.0
   3620.0   3640.0     7.3015  -3.1768   0.0000   0.0000
                      16.3129  -4.6289   0.0000   0.0000
                      16.3129  -4.6289   0.0000   0.0000
                       8.0911  -1.4523   0.0000   0.0000
                       8.0911  -1.4523   0.0000   0.0000
                       1.0000   0.0000   0.0000   0.0000  312.0  57823.0
   3640.0   3740.0     7.2992  -3.1728   0.0000   0.0000
                      18.0355  -7.6439   0.0000   0.0000
                      18.0355  -7.6439   0.0000   0.0000
                       8.9164  -2.8968   0.0000   0.0000
                       8.9164  -2.8968   0.0000   0.0000
                       1.0000   0.0000   0.0000   0.0000  312.0  57823.0
   3740.0   3840.0     7.2973  -3.1696   0.0000   0.0000
                      17.9514  -7.5005   0.0000   0.0000
                      17.9514  -7.5005   0.0000   0.0000
                       8.8958  -2.8617   0.0000   0.0000
                       8.8958  -2.8617   0.0000   0.0000
                       1.0000   0.0000   0.0000   0.0000  312.0  57823.0
   3840.0   3940.0     7.2981  -3.1709   0.0000   0.0000
                      17.8887  -7.3966   0.0000   0.0000
                      17.8887  -7.3966   0.0000   0.0000
                       8.8829  -2.8404   0.0000   0.0000
                       8.8829  -2.8404   0.0000   0.0000
                       1.0000   0.0000   0.0000   0.0000  312.0  57823.0
   3940.0   4040.0     7.3017  -3.1767   0.0000   0.0000
                      17.8487  -7.3319   0.0000   0.0000
                      17.8487  -7.3319   0.0000   0.0000
                       8.8782  -2.8327   0.0000   0.0000
                       8.8782  -2.8327   0.0000   0.0000
                       1.0000   0.0000   0.0000   0.0000  312.0  57823.0
   4040.0   4140.0     7.3084  -3.1872   0.0000   0.0000
                      17.8330  -7.3071   0.0000   0.0000
                      17.8330  -7.3071   0.0000   0.0000
                       8.8821  -2.8388   0.0000   0.0000
                       8.8821  -2.8388   0.0000   0.0000
                       1.0000   0.0000   0.0000   0.0000  312.0  57823.0
   4140.0   4240.0     7.3181  -3.2022   0.0000   0.0000
                      17.8423  -7.3214   0.0000   0.0000
                      17.8423  -7.3214   0.0000   0.0000
                       8.8947  -2.8583   0.0000   0.0000
                       8.8947  -2.8583   0.0000   0.0000
                       1.0000   0.0000   0.0000   0.0000  312.0  57823.0
   4240.0   4340.0     7.3311  -3.2217   0.0000   0.0000
                      17.8779  -7.3749   0.0000   0.0000
                      17.8779  -7.3749   0.0000   0.0000
                       8.9171  -2.8920   0.0000   0.0000
                       8.9171  -2.8920   0.0000   0.0000
                       1.0000   0.0000   0.0000   0.0000  312.0  57823.0
   4340.0   4440.0     7.3475  -3.2458   0.0000   0.0000
                      17.9413  -7.4680   0.0000   0.0000
                      17.9413  -7.4680   0.0000   0.0000
                       8.9492  -2.9391   0.0000   0.0000
                       8.9492  -2.9391   0.0000   0.0000
                       1.0000   0.0000   0.0000   0.0000  312.0  57823.0
