   4740.0   4840.0     7.4501  -3.3877   0.0000   0.0000
                      18.4960  -8.2336   0.0000   0.0000
                      18.4960  -8.2336   0.0000   0.0000
                       9.1851  -3.2650   0.0000   0.0000
                       9.1851  -3.2650   0.0000   0.0000
                       1.0000   0.0000   0.0000   0.0000  312.0  57823.0
   4840.0   4940.0     7.4857  -3.4345   0.0000   0.0000
                      18.7165  -8.5239   0.0000   0.0000
                      18.7165  -8.5239   0.0000   0.0000
                       9.2730  -3.3806   0.0000   0.0000
                       9.2730  -3.3806   0.0000   0.0000
                       1.0000   0.0000   0.0000   0.0000  312.0  57823.0
   4940.0   5040.0     7.5256  -3.4860   0.0000   0.0000
                      18.9718  -8.8531   0.0000   0.0000
                      18.9718  -8.8531   0.0000   0.0000
                       9.3734  -3.5101   0.0000   0.0000
                       9.3734  -3.5101   0.0000   0.0000
                       1.0000   0.0000   0.0000   0.0000  312.0  57823.0
   5040.0   5140.0     7.5699  -3.5420   0.0000   0.0000
                      19.2633  -9.2216   0.0000   0.0000
                      19.2633  -9.2216   0.0000   0.0000
                       9.4867  -3.6534   0.0000   0.0000
                       9.4867  -3.6534   0.0000   0.0000
                       1.0000   0.0000   0.0000   0.0000  312.0  57823.0
   5140.0   5240.0     7.6187  -3.6025   0.0000   0.0000
                      19.5927  -9.6299   0.0000   0.0000
                      19.5927  -9.6299   0.0000   0.0000
                       9.6132  -3.8102   0.0000   0.0000
                       9.6132  -3.8102   0.0000   0.0000
                       1.0000   0.0000   0.0000   0.0000  312.0  57823.0
   5240.0   5340.0     7.6723  -3.6676   0.0000   0.0000
                      19.9609 -10.0775   0.0000   0.0000
                      19.9609 -10.0775   0.0000   0.0000
                       9.7535  -3.9808   0.0000   0.0000
                       9.7535  -3.9808   0.0000   0.0000
                       1.0000   0.0000   0.0000   0.0000  312.0  57823.0
   5340.0   5600.0     7.7810  -3.7973   0.0000   0.0000
                      20.7268 -10.9913   0.0000   0.0000
                      20.7268 -10.9913   0.0000   0.0000
                      10.0427  -4.3258   0.0000   0.0000
                      10.0427  -4.3258   0.0000   0.0000
                       1.0000   0.0000   0.0000   0.0000  312.0  57823.0
   5600.0   5701.0     7.9565  -6.4761   5.5283  -3.0807
                      29.2766 -23.6027   5.5242  -2.5514
                      29.2766 -23.6027   5.5242  -2.5514
                      22.3459 -17.2473  -2.0834   0.9783
                      22.3459 -17.2473  -2.0834   0.9783
                       1.0000   0.0000   0.0000   0.0000   312.0   57823.0
   5701.0   5771.0     5.3197  -1.4836   0.0000   0.0000
                      19.0957  -9.8672   0.0000   0.0000
                      19.0957  -9.8672   0.0000   0.0000
                       9.9839  -4.9324   0.0000   0.0000
                       9.9839  -4.9324   0.0000   0.0000
                       1.0000   0.0000   0.0000   0.0000   143.0   57823.0
   5771.0   5971.0    11.2494  -8.0298   0.0000   0.0000
                      39.7027 -32.6166   0.0000   0.0000
                      39.7027 -32.6166   0.0000   0.0000
                      22.3512 -18.5856   0.0000   0.0000
                      22.3512 -18.5856   0.0000   0.0000
                       1.0000   0.0000   0.0000   0.0000   143.0   57823.0
   5971.0   6151.0     7.1089  -3.8045   0.0000   0.0000
                      20.3926 -12.2569   0.0000   0.0000
                      20.3926 -12.2569   0.0000   0.0000
                       8.9496  -4.4597   0.0000   0.0000
                       8.9496  -4.4597   0.0000   0.0000
                       1.0000   0.0000   0.0000   0.0000   143.0   57823.0
   6151.0   6291.0     2.6910   0.6924   0.0000   0.0000
                       0.8317   7.2180   0.0000   0.0000
                       3.5908   4.6172   0.0000   0.0000
                       5.8582  -1.4678   0.0000   0.0000
                      -1.0839   5.7176   0.0000   0.0000
                       3.3687  -2.4778   0.0000   0.0000    80.0   57823.0
   6291.0   6346.6     2.6910   0.6924   0.0000   0.0000
                       0.8317   7.2180   0.0000   0.0000
                       3.5908   4.6172   0.0000   0.0000
                       5.8582  -1.4678   0.0000   0.0000
                      -1.0839   5.7176   0.0000   0.0000
                       3.3687  -2.4778   0.0000   0.0000   600.0   57823.0
   6346.6   6356.0     2.9000   0.0000   0.0000   0.0000
                       6.8000   0.0000   0.0000   0.0000
                       6.8000   0.0000   0.0000   0.0000
                       3.9000   0.0000   0.0000   0.0000
                       3.9000   0.0000   0.0000   0.0000
                       1.0000   0.0000   0.0000   0.0000   600.0   57823.0
   6356.0   6371.0     2.6000   0.0000   0.0000   0.0000
                       5.8000   0.0000   0.0000   0.0000
                       5.8000   0.0000   0.0000   0.0000
                       3.2000   0.0000   0.0000   0.0000
                       3.2000   0.0000   0.0000   0.0000
                       1.0000   0.0000   0.0000   0.0000   600.0   57823.0
c
c parameter for the source
   5726.1   -8.13 -71.27
    -0.798    -0.377     1.060    -0.091    -0.025     0.890
c parameter for the station
   1   nr
      34.1000 -118.2000
c output files
./PASpsv.spc
c
end
