  771.0000   11.0656  730.0000    6.2405  312.0000      4.44         8
  871.0000   11.2449  737.0000    6.3109  312.0000      4.50         8
  971.0000   11.4156  743.0000    6.3781  312.0000      4.56         8
 1071.0000   11.5783  750.0000    6.4423  312.0000      4.62         8
 1171.0000   11.7336  755.0000    6.5037  312.0000      4.67         8
 1271.0000   11.8821  761.0000    6.5625  312.0000      4.73         8
 1371.0000   12.0245  766.0000    6.6189  312.0000      4.79         8
 1471.0000   12.1613  770.0000    6.6732  312.0000      4.84         8
 1571.0000   12.2932  775.0000    6.7255  312.0000      4.90         8
 1671.0000   12.4208  779.0000    6.7761  312.0000      4.95         8
 1771.0000   12.5447  784.0000    6.8251  312.0000      5.00         8
 1871.0000   12.6655  788.0000    6.8729  312.0000      5.05         8
 1971.0000   12.7839  792.0000    6.9196  312.0000      5.11         8
 2071.0000   12.9005  795.0000    6.9654  312.0000      5.16         8
 2171.0000   13.0158  799.0000    7.0105  312.0000      5.21         8
 2271.0000   13.1306  803.0000    7.0553  312.0000      5.26         8
 2371.0000   13.2177  807.0000    7.0614  312.0000      5.31         8
 2471.0000   13.3307  811.0000    7.1056  312.0000      5.36         8
 2571.0000   13.4774  815.0000    7.1889  312.0000      5.41         8
 2671.0000   13.5960  819.0000    7.2340  312.0000      5.46         8
 2741.0000   13.6804  822.0000    7.2660  312.0000      5.49         8
 2771.0000   13.6875  823.0000    7.2658  312.0000      5.51         8
 2871.0000   13.7117  826.0000    7.2649  312.0000      5.56         8
 2891.0000   13.7166  826.0000    7.2647  311.0000      5.57         5
