3480.000000 5.566456 13.716622 7.264650
3500.000000 5.556433 13.711716 7.264855
3520.000000 5.546419 13.706838 7.265051
3540.000000 5.536414 13.701982 7.265238
3560.000000 5.526416 13.697153 7.265417
3580.000000 5.516426 13.692349 7.265585
3600.000000 5.506442 13.687569 7.265746
3620.000000 5.496464 13.682811 7.265898
3640.000000 5.486491 13.668280 7.261339
3740.000000 5.436691 13.548300 7.215870
3840.000000 5.386941 13.430571 7.170952
3940.000000 5.337170 13.314472 7.126369
4040.000000 5.287308 13.199389 7.081906
4140.000000 5.237281 13.084696 7.037348
4240.000000 5.187019 12.969778 6.992483
4340.000000 5.136451 12.854020 6.947090
4440.000000 5.085504 12.736802 6.900958
4540.000000 5.034107 12.617508 6.853870
4640.000000 4.982190 12.495515 6.805611
4740.000000 4.929680 12.370206 6.755965
4840.000000 4.876506 12.240971 6.704718
4940.000000 4.822597 12.107179 6.651655
5040.000000 4.767880 11.968220 6.596560
5140.000000 4.712284 11.823477 6.539216
5240.000000 4.655739 11.672325 6.479410
5340.000000 4.598171 11.514147 6.416927
5600.000000 4.443204 11.065592 6.240393
